7514
7222
4001
3793
5675
8691
1786
5813
4138
546
3279
9972
5480
8926
2657
4864
1371
230
2947
124
6960
2891
3600
8291
2914
1861
7299
8029
8770
364
3839
5695
1643
5226
7560
7630
464
237
1475
6823
6917
9714
4992
4861
3770
2834
7175
4734
2639
5966
3143
3370
6470
5637
6736
5922
2018
8266
175
4261
1154
3134
2110
4390
3788
6797
1063
7513
9703
4034
7419
218
9931
8234
3064
5006
3893
268
6455
5035
4436
4172
4167
6762
2374
7411
3304
7165
1062
2702
5049
2752
7064
1766
6744
8660
1804
4052
2788
1167
4139
2805
3333
8628
3153
8494
4692
3795
2075
485
4668
1739
4105
1586
6924
6528
8288
7647
2353
2638
3537
4486
3978
9173
6678
5757
8303
4114
2118
6110
1644
8999
4965
8495
6624
6332
5663
7290
9105
1800
5309
9658
1537
8759
6963
9525
8046
6562
3669
1106
2462
6601
6800
5003
9524
4181
42
2570
4202
2569
6780
186
324
5681
6151
724
5404
6454
6480
5864
6857
5212
9292
6514
5784
4949
341
6858
4576
57
3005
6298
2492
9438
2201
1175
1570
6361
2006
3973
339
9577
7488
5146
1346
6741
3826
7102
1815
7300
8392
5629
1931
391
1417
3202
1037
7485
972
3016
8035
8084
5083
2362
3130
8781
5909
4313
9921
7094
1952
5527
3849
1076
1374
3388
385
535
5114
7553
285
2650
3341
2926
9937
2255
6767
5572
9818
100
3571
370
1908
4869
7489
4938
7659
5027
398
7773
3624
3246
3829
3038
9255
9002
3987
128
4847
50
9441
9676
662
3128
4209
6168
4801
6344
2685
7473
7385
2434
2700
9020
8954
4652
3943
4046
120
1084
5753
5280
1216
3847
491
4184
8569
3220
8199
5740
7325
2803
2877
1747
9024
1099
5854
6040
7638
1148
8768
7015
3685
9795
1397
4723
8621
3545
515
9794
7877
2919
3965
9051
1795
7717
4593
3224
7799
6651
1266
5925
3757
7533
4440
8963
5245
6465
5458
3621
7173
2499
2541
6171
9120
5008
960
9092
4498
1589
1181
5609
6782
1128
4119
6929
9951
929
5479
1840
2120
81
2687
3296
1642
3520
1765
9447
9391
6572
7863
7640
9867
1281
8951
1596
3957
7250
5264
9507
6846
7460
8964
2015
4196
8871
4231
3717
9064
3888
1356
221
9204
1000
4534
3186
9789
3164
2980
5087
832
531
6299
9454
4710
1471
3948
4462
8568
3149
8226
9298
6530
5343
8607
260
3472
2366
3349
3299
3203
8125
7106
8003
8012
5160
721
2888
7492
4044
3266
3122
1877
8935
1512
4961
5671
1876
2283
8151
6096
4375
5645
3779
3075
807
8547
7930
925
1432
673
8332
9382
4774
4885
5000
3923
7114
8722
1564
5287
6358
3365
6089
6954
6703
803
2284
7242
4411
6982
2248
2346
6758
331
4989
2453
2538
3721
8143
1936
1034
5760
4279
9435
5942
9889
1577
9979
5365
3493
4174
1854
229
345
7013
7059
1044
4623
2893
3929
7785
1999
7540
6779
1811
4160
3945
7138
76
8476
3436
9810
1317
2658
6401
22
1263
9453
5537
138
5834
6712
5321
4016
7545
475
6162
5092
699
2808
1837
132
7839
7178
7274
7469
98
2627
1687
1489
1557
3619
4083
5759
1299
5323
6643
8599
5192
2491
1270
4073
7692
7369
8623
9084
1528
7258
6223
2679
6757
8196
4109
2229
3469
9239
9586
6290
3278
9672
8952
179
18
9731
3137
4930
5888
6490
4512
6050
4843
6665
9217
7572
4378
8598
5991
205
3054
1122
8517
9514
6415
701
6547
6036
5335
9958
2264
1663
9489
7407
8159
9961
9476
401
1617
1538
3896
6996
8687
6102
6305
1284
8576
6199
9685
4731
674
4631
7243
5734
1087
6329
840
49
6463
145
2563
4450
4469
8919
8629
6760
8738
7182
9615
1892
3454
3880
9883
9997
9487
4171
2929
3747
5096
5477
3601
7978
9868
6519
5426
9016
3820
5217
7654
5521
9446
9326
5911
2481
4705
486
2748
8277
8182
5454
1722
7973
9089
9056
9822
2992
3423
4069
6512
7084
9307
1344
3189
781
9709
11
7130
5039
3230
7987
8054
7653
1511
5810
5119
6818
5158
2149
6371
683
9322
8684
7603
302
1147
6608
9540
1258
4768
2139
6705
3960
4746
6302
2203
6806
958
4040
6025
7713
4897
62
6532
6983
8257
2506
3702
2382
2876
4325
9531
7983
3666
5476
554
7401
6109
6388
5274
1693
6153
8371
5805
7247
2256
9547
4095
9330
2063
1651
8077
177
1328
742
8432
5354
4904
2787
9767
5926
2388
8905
9857
8208
9913
4997
723
7498
5243
4872
1496
5617
9933
9598
2999
2486
8243
7096
1376
8352
5179
5622
2635
3518
6709
5748
9535
1591
7643
4722
6251
5786
8183
7307
4516
3836
8872
9845
8855
7635
3020
8283
3732
7196
6357
253
2208
265
2654
1316
3977
3352
6913
4248
1089
5070
7947
7370
2372
6095
5449
178
3178
5331
9093
9287
3579
9230
8522
5598
2183
6934
1013
8030
7981
5583
5056
4249
5783
5772
5650
8206
5835
555
666
2555
9665
6773
4211
6002
9944
812
5940
8137
1689
5904
1222
2514
912
9617
7056
1860
2242
2885
9806
8377
2881
7127
6094
7424
8538
9283
396
4717
730
3630
7958
714
9769
9518
6759
5173
6835
950
4135
1358
5152
9498
6642
4087
294
4912
4700
4350
6649
4190
4370
1005
9746
1257
8555
9908
900
9386
6711
200
7202
2398
6992
1645
422
3221
9115
4155
4148
3817
131
3306
2696
9244
5111
4776
3241
129
8255
6871
9752
951
9455
3154
6771
4071
9343
7843
64
4814
2801
6104
9087
5829
9543
1378
9790
1595
4589
9377
1406
5469
641
6947
1948
1574
24
5268
7644
5744
4892
6348
7020
4849
3561
896
2487
7442
6321
1206
1575
5513
3892
5631
4453
4829
9734
2705
5197
519
1361
198
8294
8537
9532
4588
9583
2763
2316
9545
9666
202
9625
9701
5582
6343
9490
5929
1153
4408
1535
4062
4188
454
4968
4555
2820
7019
1265
8565
9045
9452
9905
3208
9399
9670
2653
5893
9236
9318
1662
4536
5311
5858
6237
7908
3447
2583
357
8493
8322
4117
6418
3050
498
8431
3902
8397
7601
7520
975
2934
4763
7228
3756
6662
3859
8549
4502
5110
5798
4414
7768
4739
1132
7456
7426
3857
7238
6128
7326
8912
8819
9743
8524
3267
1520
1713
7443
1764
7061
2412
9536
6881
712
9693
9094
7760
9835
2390
5823
1749
8276
9699
1135
8653
1545
2867
5357
3351
7874
979
337
3985
745
6284
3461
7789
5259
6697
45
6993
2483
4446
7269
4979
4088
7961
6936
4661
1078
8617
9086
8241
787
6632
2235
5247
78
2291
6732
620
329
6894
3690
6297
6727
4720
690
2916
1858
2791
1746
1470
7225
8149
2241
9288
5938
6634
607
7474
2623
5166
3706
9197
2304
2351
4557
9571
316
3697
2071
9906
3372
415
8184
5587
5577
1048
9609
3112
2750
7125
8822
6450
5389
3239
7959
1996
9436
8162
4413
8708
8890
7802
6766
9850
864
5780
6877
7518
819
9219
9138
5057
7139
4706
1302
3525
6653
2197
1694
4676
6190
5475
9383
6392
6391
8579
2055
9473
725
1335
5288
8314
5682
21
7823
1201
6560
8525
1243
4812
729
9196
4334
6266
4837
8810
4030
5746
3508
2531
6442
8826
6322
3843
558
6045
2594
3452
1632
7681
7259
4670
2618
5291
4890
3232
9657
3586
7820
4050
5348
8087
4966
8870
1780
2722
8955
9939
1136
4866
252
5508
211
7062
3746
4926
4844
5635
4388
8679
1541
7578
3682
8070
4551
9842
1276
3509
9208
4201
4753
9029
166
3158
4684
5968
1065
7223
7358
3000
1179
8308
4691
9558
7866
2621
1508
6812
9606
4967
6772
6776
2581
9304
3118
9541
8088
3828
8651
4041
5252
7627
4306
6068
2053
3001
1660
2355
952
9900
3385
1306
4810
2802
6603
7673
3006
8582
9904
1131
8581
5660
7718
8425
4079
9645
1658
5471
8154
9406
8215
7730
7919
7909
8839
9611
7068
2669
3633
9969
1262
2629
2032
3107
6356
157
4622
2712
9673
261
5507
6217
3910
3853
2293
9216
272
8410
529
8659
4595
7676
1942
3026
262
9740
9725
4136
8049
3277
7879
5779
3737
7494
3593
9253
3984
827
556
1635
6541
5122
6353
3700
4934
1776
811
4285
5281
6000
9891
2246
7023
5610
1118
6180
6417
5754
2880
2016
2103
7985
5885
1682
6592
6770
9149
8760
3033
1958
8875
3953
7083
8047
8504
7420
7122
5346
6443
5169
586
1193
2114
4058
8634
6883
3483
176
421
2585
3312
4785
8416
4268
6246
3081
691
8560
9575
1379
7204
916
5485
1407
1090
9564
5778
3085
5915
7313
8100
4918
5453
9420
7655
2973
7778
6131
6912
2290
3952
2257
8219
2781
874
2086
8711
99
8615
6062
9756
9243
3491
5619
5896
6460
7683
4298
7811
8113
3772
283
4116
5271
5933
7871
4755
9812
1616
8477
2168
8145
7621
1269
4146
4563
4762
2437
3575
3160
9711
7921
3998
1875
987
8098
2028
79
390
1897
775
1068
3379
626
8739
2552
7850
2736
2954
6452
7945
4019
5283
199
1449
5434
4458
3775
7641
1255
3150
6807
3996
738
121
5667
9924
5790
2267
4397
1268
8128
4452
639
2245
7651
5320
6864
2716
2907
7581
8696
6737
5827
2578
7465
3323
2886
6961
1228
961
2489
1911
3596
2429
3642
4327
2528
5107
3467
9282
7057
7077
9595
310
3360
8298
6621
2361
800
8695
158
114
9371
6296
6719
550
6319
3496
9787
4085
3381
6031
8848
762
9952
514
7090
679
1547
451
6437
4045
6377
6374
3661
7754
8697
3914
6790
6432
4559
8107
381
2584
137
6951
7916
3199
2014
3673
1279
863
2756
1743
5666
2423
8325
693
4687
1307
336
4572
8265
2718
6087
4141
1494
6413
5703
3904
8446
7806
6799
9354
2561
8551
7658
1913
8081
8730
1813
1041
4520
8501
5600
6227
5042
383
4543
7597
3227
678
6751
3972
4609
7321
8058
2924
3823
9495
507
5221
2465
8832
3449
3949
1910
7905
8401
5339
3264
8275
6140
2601
2667
697
1857
2625
4765
5063
4483
4556
4911
1491
2865
3556
5366
7618
5164
6682
9713
610
7140
3111
380
6433
7146
3691
3989
8719
5916
8205
801
2494
4165
2037
420
7928
6726
1301
4286
3961
8929
591
7201
9075
6009
2501
7199
1162
6593
4311
4867
2459
4811
181
3588
4173
9176
7479
3226
3798
4771
7166
3052
8835
5505
2162
8343
2143
6640
3072
3597
4403
9824
8193
1565
9048
1792
6704
6631
5210
1504
2452
7971
8619
1380
9942
1628
247
3083
2226
340
9156
3833
9893
466
1164
3994
5866
4289
9922
806
1871
2385
9947
6023
1185
7506
450
9629
4942
5492
3225
4157
8552
559
2079
8405
8911
7541
7045
7156
1726
7798
930
1189
6402
220
2943
4377
8056
7744
6434
8519
9162
7322
6792
382
2405
4868
7977
5683
788
3169
906
9579
9451
47
9521
6953
5830
1667
2912
2858
1229
7665
3100
4613
2551
9400
1323
5461
3540
17
4721
904
2677
9183
7121
2723
4654
5443
6928
6247
8250
2518
418
1144
3516
4778
7338
4426
8417
5560
3012
509
9324
9516
5554
5661
3535
6549
6599
5493
14
1427
3967
8363
4971
1047
2753
616
1796
1853
7515
569
4818
9869
7885
4600
2961
3318
8194
1386
7963
2882
7352
5270
300
2906
9221
4492
5580
3602
1388
9102
4900
3245
5460
3935
5233
2762
4749
9431
7776
6796
4573
5863
1602
5382
5298
4826
8474
8455
8528
6309
8921
7168
6584
9929
1437
5334
2655
4217
4005
4713
9491
5338
3309
7596
1665
5432
2477
3629
7447
7669
6706
9948
606
136
2207
8065
173
280
7400
8245
8720
3769
1983
9100
6707
7652
7888
4351
6804
6990
2289
660
7082
2418
5452
308
786
5077
4760
7142
1659
1161
6445
1415
5879
3937
164
2348
6891
4216
9555
2529
8150
5859
2482
3858
9660
9206
5470
9614
2724
5428
113
6406
1187
4358
1784
9550
8072
2142
9690
3147
7846
5230
7143
7917
1731
8256
6502
6659
9415
6910
8803
8080
7954
2068
4822
3560
6824
5932
4476
8426
7746
5819
2987
3025
3047
6504
7770
7826
2448
5727
87
4747
4131
8408
9584
4316
5085
5415
3457
8844
3080
5308
5201
4799
3255
8931
7115
3866
9231
3512
3425
6943
3813
6327
7164
2557
1448
4152
7002
3477
706
3395
9669
5074
1506
7058
1886
9449
4421
4245
1220
7334
613
5851
5128
6257
8436
4876
2331
1174
9432
656
2426
675
7840
518
9345
3787
3726
9956
5059
501
1264
1010
5946
2008
2996
3455
9976
2373
8635
7179
3359
6739
4925
5117
6543
9554
6047
276
4772
9675
7487
5100
4057
8139
4386
2559
8729
6742
4863
7016
3889
8647
3066
2681
6718
1117
7693
5418
1639
3343
8987
5887
7376
5502
2589
502
9838
3253
2759
9964
7113
3694
39
9308
9365
7124
5272
8473
3348
3698
4317
3177
3115
7872
8394
3252
3605
2766
9985
3758
4293
3198
3809
9667
3553
8641
5290
2107
9721
4281
141
9331
4265
6681
8824
6914
5446
4582
9836
5731
1736
2365
851
7381
5459
4010
8374
4761
7707
6671
6507
3727
4703
2466
6897
8486
1668
2573
8097
494
2556
3640
4528
6735
5728
1903
8606
5258
3307
5406
5423
6003
8450
587
4579
3840
648
2493
3796
23
1027
6185
9686
8779
1453
2707
3332
4875
1275
798
2357
3031
9846
917
1831
1794
4180
2783
2307
6616
770
1505
5593
7808
7685
1904
7699
6307
3799
7624
733
4643
2310
8044
8784
5126
5875
6238
4984
2324
5104
4612
102
9352
9348
7880
3215
3062
7080
1787
946
5442
8928
6687
6841
4568
4544
9915
5118
2784
8654
5022
1336
7517
6338
6281
3644
7241
2281
2902
7838
5820
4396
3129
6069
1340
1763
6362
9582
3013
2842
2798
8439
2637
3577
1885
7819
3288
3674
7342
2684
1236
3172
9026
6207
6813
9068
8904
1088
6596
9014
1567
5509
4362
7195
8263
2572
4914
8756
5109
4821
3536
7445
5457
5044
7582
3752
4805
9423
5624
5525
4322
5425
7414
8862
7039
4549
5552
3053
2017
7364
7219
9694
3409
8973
1686
2038
3617
8974
2575
3262
1705
4617
2747
6270
2847
5108
3844
9445
3532
5633
3242
288
9705
6382
1291
9488
5130
8795
2989
9417
3386
9121
2318
3357
7137
7722
6134
1500
4368
8771
2228
4328
3424
7736
7615
1438
7610
1867
842
6702
5188
9901
3611
8503
3922
4507
7694
6723
8583
5689
6650
7530
4218
7190
1108
1290
796
7437
5224
6892
8297
8398
8414
1605
3748
2415
4380
2298
332
7073
473
9852
6263
2525
6123
6163
7710
1775
3505
4683
2080
2510
1881
9597
5967
412
9728
9346
3055
512
9378
3010
4975
4550
7033
3334
7003
7737
5133
6114
7962
9259
7564
5038
3188
2678
1526
870
8812
4788
1314
1091
971
6421
3925
9314
1640
8172
4239
7043
4255
2990
7298
7858
7468
5535
4013
9130
228
5097
9572
6627
139
4630
4565
9928
2664
6142
4014
826
5300
623
7462
2731
7912
8373
359
8197
1683
7893
8516
9984
9011
9757
608
6366
5314
4545
4690
9991
5504
26
4158
7771
3088
2908
9607
2622
7128
4258
5818
4682
5733
9240
5468
2095
5052
2261
1256
7562
4478
5361
6271
2135
3981
8395
6241
4880
8509
1428
7910
1966
1730
557
2619
3563
5497
9374
8791
4946
2644
9038
1459
1937
4658
9393
818
8138
6275
7616
9112
5735
5149
3247
7493
7441
8575
5193
4137
9959
1466
2222
3440
2642
8946
3997
6991
431
8761
3812
3954
998
6425
7579
3564
1915
4195
6195
1184
5881
8557
5394
7847
7072
1906
4716
5638
3635
6119
355
5654
7935
4283
2624
9027
824
1309
2634
2101
6845
2387
6635
2502
483
2558
2231
1550
9147
3992
5584
4296
3140
2517
3330
9190
2853
6378
8264
3313
792
6161
1003
5081
7998
1056
4439
4931
8027
8186
3562
108
5203
368
532
6745
1083
6407
9384
5632
7497
3964
1664
2277
4789
5143
2672
5676
4256
6783
1224
6944
2940
7405
2021
4230
2689
3235
4129
6500
7807
5591
2205
2010
6494
2740
6113
4200
3819
8692
4401
4353
4314
9654
657
6958
6669
871
8083
3108
2665
1404
6761
7354
7412
732
8133
6984
2872
7775
3291
2668
8191
8004
8454
6486
4104
9333
4669
2839
4601
9506
7203
1430
5981
3078
147
5177
3723
6579
3223
5606
8902
4759
8698
9077
144
9628
6878
991
4111
3091
6256
622
433
6037
8767
5707
3185
6499
7848
6487
3969
4078
1997
8573
6462
7942
5218
2796
3688
6148
7255
8980
1921
707
8296
614
8018
3711
3065
9768
7281
7005
6838
1411
1945
5567
127
7757
116
9223
8663
5058
1805
2774
3191
2580
9975
9167
716
9750
869
7386
4883
8321
6198
5405
9953
6811
5670
2470
2377
9642
3175
8667
5422
777
3749
4008
2144
275
1823
5306
8366
5715
1539
7833
3315
4164
4295
3909
4203
1971
6154
7309
2883
6567
4686
9413
3254
6630
1008
6802
903
9761
2431
4728
9034
8858
2035
82
8249
4865
4113
4018
1055
1369
6066
7980
3456
6870
4206
6055
1015
172
8885
6710
110
789
9829
4166
6398
8203
2399
4387
6483
9866
7589
7535
7528
7275
844
1202
85
8605
4369
4835
8707
7131
1114
7154
5419
7144
8713
3417
4511
4347
2714
286
9158
9353
6286
28
6145
6874
5310
9621
8914
5148
72
9220
9359
8637
4695
8670
7069
3093
2314
737
4615
3314
191
1868
4307
207
7314
309
9329
7748
3011
735
681
1119
5191
909
4134
8010
1190
6408
5037
2384
6491
4580
9422
9840
9184
1825
1503
8284
9729
2742
1944
8338
5730
664
2473
8329
6840
2188
743
3675
7214
8572
6228
9033
8996
244
13
9166
7335
2442
1601
8361
1080
1104
3891
6872
6092
1320
7691
7366
6862
8418
231
876
4958
1590
8644
2730
4574
8315
7805
2371
6854
3335
500
8918
8506
7886
7594
4797
1768
7444
2850
8271
2901
1478
8124
6475
7191
5520
4193
2216
1656
10
88
6065
7388
5824
7857
4878
2301
3462
3760
820
817
6149
5659
887
6130
9646
7379
8251
2599
9860
8534
6369
7434
5473
7675
9529
5964
4222
4523
9247
1052
5905
6403
5069
9192
4657
1544
1439
4637
6933
9286
4915
2367
3165
4521
8841
4628
9181
4187
2806
8562
1696
9437
6564
7163
5745
5931
6876
6328
9211
694
3730
4277
5105
5710
134
964
5814
5315
346
77
8802
8818
8714
6474
7399
9082
7009
7193
5329
915
7311
8680
6946
1141
5544
7451
1473
428
9300
9031
1020
8364
289
3534
3762
5725
1817
8390
7391
227
3962
2225
4205
1238
4320
2673
9097
6626
7529
4416
6517
6852
6030
4056
6012
9291
8559
1445
5615
9274
1086
3522
9510
8953
8064
9955
8075
859
4562
9853
1384
3356
2984
6699
8488
1120
7524
7088
9527
1761
7221
1305
6057
8148
3017
8743
8346
2879
1333
9960
1457
2178
8335
9205
7660
4874
9228
3755
8073
5764
4950
6339
5843
1698
461
680
4300
899
9416
9533
8899
7210
1362
5399
962
5060
5466
6893
3738
8865
4790
7631
6577
1116
90
8601
2917
3358
2050
5811
1214
5943
5828
8589
4854
8618
8836
2809
167
2523
3975
7982
5548
9040
1830
4331
3941
6566
6278
9267
3811
7629
462
5333
847
719
9144
2046
8290
8765
6211
4910
8045
7496
3663
7461
5032
8585
8545
839
7172
5958
9784
1124
7695
9819
4893
2542
1139
1680
7089
4605
5652
70
945
8800
1509
9395
9109
5167
2979
9998
7093
5414
9825
6700
3940
6423
5207
506
8224
2662
165
4696
4697
7951
414
2512
1057
5139
8668
6024
8893
376
8115
8438
9779
6606
4743
9168
2187
6525
4070
9366
5341
7261
6272
2041
9517
7446
6611
1017
3877
617
4108
2873
4468
6884
9043
2285
3672
727
8797
6288
7192
5919
8688
2413
1241
4685
1578
5433
752
9106
5236
8567
7755
5253
2001
4553
8930
6527
3019
2713
2554
7639
1626
6082
4404
8591
2099
4326
3350
6242
326
9647
5095
715
6542
6795
5490
5041
5889
6570
9460
6875
4262
6214
4632
6204
9557
9796
1808
7206
920
7679
9568
2082
1072
9159
4455
3614
5222
2701
7306
9342
4585
8948
7941
9305
119
7554
3478
9573
1197
6224
1112
2334
9912
9207
9872
7025
4996
8984
2300
1389
6531
2651
8320
7923
3933
219
6336
3407
3089
2211
4361
7590
5872
8854
3271
8879
9478
5701
3204
9285
8387
4356
7454
4115
858
3213
5276
8735
5996
1740
8176
3336
3842
5142
2253
9862
7634
2818
5494
7486
1695
4956
2156
6132
6538
8907
7620
1960
1360
8470
2058
8944
4395
1613
9556
1728
7377
638
8809
9461
9074
4960
7220
6285
836
1708
3872
5755
190
5180
5360
3714
7197
9419
8801
7480
795
20
9315
33
7169
5997
3102
327
2280
1851
4526
73
1914
122
3782
4590
6976
3068
6320
6222
6097
5657
3051
4238
8500
2841
1028
9570
5337
5267
193
919
954
8513
4891
1492
513
2630
3303
413
7944
2755
3983
452
6349
6233
9225
303
3620
3750
2955
5844
2172
1331
5768
9635
7430
9992
4332
4857
5196
7394
3458
9257
9018
9706
5623
9474
3371
9412
30
5883
5071
4973
1225
9000
2751
1038
629
6850
883
1422
7703
5603
2244
5408
6106
4802
5528
6641
2106
4474
7706
8207
5526
1929
6393
1140
2833
9066
3442
7870
4584
2199
490
1474
1864
366
2397
7587
2171
2732
1107
8778
6906
1434
1621
6459
6137
6658
3431
3486
8967
9405
2209
3580
9700
4244
568
9501
7292
149
6855
8823
6213
4634
3133
5761
1706
2674
1732
6100
6725
4689
3890
7926
2939
4899
9482
4985
1531
6506
4781
8127
2073
2123
4794
5127
6193
1169
4471
8906
853
4475
350
862
1467
4708
7351
2706
4323
2097
8423
5436
6124
4947
2725
4159
5072
8068
3703
1638
3098
8106
2221
4448
1829
7066
7402
9059
5391
7516
6164
983
1006
94
5538
3069
1273
9876
9551
5318
6189
3228
1863
3233
222
7466
27
4198
6196
8458
9032
9788
1247
4035
8753
58
3599
8334
8467
2067
9008
1110
6920
9046
2169
9469
7481
8204
1030
250
4518
4627
9057
67
4727
435
6456
4081
482
7968
7086
3018
9088
7035
2560
9940
4254
7567
7821
9301
4856
4787
3106
3250
2844
6253
2
7753
2104
7542
43
2775
2206
653
6276
9627
5155
1029
171
9526
7667
6774
7273
3868
4667
4333
8624
7663
210
754
5573
2615
7595
9276
3344
1498
8086
1274
155
522
1745
5043
4384
2822
8530
949
2734
1315
6157
4538
5094
4319
6743
8595
9370
8496
3873
1606
8650
3539
4464
8444
1368
1298
5211
1200
3468
6583
2721
8259
9372
7008
9847
1095
2933
3301
4251
7613
8210
8526
6221
6677
1814
2605
5136
7996
584
328
3346
2266
6614
5368
9744
481
3286
4554
7476
8156
1769
7606
6497
5356
3649
7284
7570
6368
5116
3079
5204
5106
8648
4714
7374
7508
1125
6160
1744
7700
6750
3387
180
5908
2550
8279
187
4608
347
1661
4194
5910
9802
3408
1821
5362
1709
4636
7788
1943
2537
3679
2682
4445
2333
5625
4299
2220
1223
1559
4819
5664
6696
7181
1953
1060
7119
3126
8705
9080
6085
6331
6174
1974
7576
9726
4848
4075
3096
5151
3676
2866
6866
1377
5005
9311
4603
955
6230
635
9683
901
6615
6747
4220
6553
5950
2407
604
9364
3446
1042
9003
1741
3138
3471
6250
8019
7881
9717
429
8502
5351
8543
425
8968
5518
95
103
8643
4729
4451
670
1077
4357
6836
344
6252
9631
8776
6600
6839
3884
9303
3851
2626
2259
4941
9387
2138
61
7965
3590
1002
3269
9592
6781
1600
3113
5612
1105
7689
1031
4312
2505
9823
2532
419
9927
333
8063
8412
924
5292
8396
2988
8236
6379
9465
8399
8646
2507
1339
4212
9988
8604
7899
9873
5626
6668
9841
7856
813
7315
2860
8022
399
80
8126
5970
160
7904
3127
5806
7907
722
8990
5697
6930
5706
37
4072
4153
5607
1150
9888
4505
7395
6079
6016
6986
3543
2656
7687
5914
8461
1271
1839
223
1847
8842
9227
9549
3319
6273
2320
4598
8094
3023
9188
184
1071
287
6244
3607
3980
7448
9764
4626
1203
4533
8307
5254
4978
9793
7428
6847
4304
8383
3218
8424
3507
25
7828
5051
2968
9037
7120
9565
9722
1493
6625
6863
2219
7018
2011
2129
5903
7914
8164
6176
1558
5924
3076
3550
4649
4673
6234
2825
8463
2927
4338
1519
1168
5447
3979
9826
3410
889
1343
2522
8884
2606
1630
55
9698
6885
439
7359
2843
6571
467
194
7282
6121
4470
3174
7937
7834
6557
4259
3494
9957
3092
7593
7136
5658
9587
695
6638
9334
2354
6672
1230
5279
3460
7217
1325
4419
8612
8510
1883
59
9261
1231
1779
2184
6962
7972
1710
9457
3181
1677
3421
4290
8173
3363
1308
8188
7891
9566
2925
6014
8853
6103
7253
3970
393
1654
9385
8892
9950
4482
3555
1514
3268
6521
1446
4229
1156
905
8993
8389
9520
3219
8282
3920
3773
5836
7108
2124
7522
9641
6590
4884
3814
8287
7611
1956
4888
1286
4363
8798
1517
2591
1261
2288
6126
5340
5353
9350
3513
1614
4726
7365
9025
524
1984
5788
4988
8741
8937
517
3390
7215
8571
292
9797
5639
3906
1373
7116
6720
1396
2779
1674
8293
4224
8358
761
3270
6911
6909
197
7812
60
9492
7440
2533
8645
8452
2754
8042
2609
6637
6144
4981
8289
4832
4839
5409
5009
3848
1452
5551
8727
2711
5539
5575
298
9892
2768
8992
9832
5025
2193
4742
6052
7690
8261
3783
8640
8280
8541
7900
9844
4532
7861
3639
3815
5857
8702
4991
5781
6248
7361
848
6981
2078
3683
1905
1981
7229
5078
1822
6139
8983
5517
8712
5249
5091
5994
2854
2646
1647
1213
3990
1016
437
3434
7565
1712
4154
4638
688
4344
8181
6080
4185
6523
4903
597
572
4660
2729
6809
5796
1963
8376
9674
6978
9041
4552
8592
5562
6598
1995
4337
4754
4096
6342
4986
5690
2069
9375
854
3347
6655
4271
1510
7505
1410
279
7761
1121
8669
8347
6931
2485
4015
480
1069
7198
8981
3931
2760
314
3955
5030
4487
9661
3095
6129
720
8814
5031
4221
2380
2358
2131
935
5075
9886
9135
3927
1211
3331
3258
4741
497
2034
3780
5398
6688
3938
709
7208
5558
9313
8195
1673
1252
9559
9851
9982
6754
2066
7383
6501
151
2928
651
1571
9471
3404
7532
4021
663
9005
9519
8274
8792
3216
9388
3412
2064
3392
9509
8945
5495
6267
3834
2812
5665
1004
8
4775
911
2454
5439
6269
1846
4276
574
2251
1109
7510
3043
6822
438
6468
1463
6436
3300
2519
6295
9981
75
7574
1702
2490
7825
9897
8923
3205
8840
1188
9966
4969
130
9260
8024
8312
2474
5941
4189
6555
3256
6347
9214
2003
625
2247
3324
7075
4871
8780
2274
3484
771
404
7523
8689
2036
5359
9620
9477
5170
2778
6375
7141
7829
4707
1994
9741
8827
9511
7873
44
89
5489
7471
68
9242
1259
4310
6429
9567
5651
2648
585
1587
8134
2039
563
106
142
3894
1012
9916
619
4393
3192
3664
2395
1878
8311
5265
3805
4916
3595
8505
2076
8838
238
644
1889
687
7682
6819
4828
5500
7153
8252
406
8237
9251
2476
2422
5599
8095
6333
9195
4800
6041
2159
3499
9603
8764
1672
5640
7105
1542
4567
9284
7742
8886
4467
5295
1444
8701
751
5388
2056
5826
35
5860
1646
4513
1872
1515
8123
3475
6011
1938
5019
6472
642
4508
4591
7475
1355
3999
9691
5837
7218
2451
2899
1777
4909
1622
966
7355
8995
3302
4530
9127
8940
7212
3502
1075
6158
8232
5080
5403
5132
4592
3364
5499
3846
4412
9170
7740
3618
2446
2757
3190
7882
2467
212
2508
3391
6895
9785
6728
4542
2744
6916
8578
2588
9015
9839
9643
8406
9907
8558
928
2982
2758
8830
6595
1862
9269
1843
4399
9803
4373
9042
6609
1759
4140
269
2122
4994
7417
168
3797
5168
1289
2671
9581
6067
2223
2764
1573
2202
8378
5317
6431
967
9111
8731
2587
1826
1718
2962
4702
4343
6597
5491
6086
5563
6794
3774
3878
196
8577
8873
8773
7555
4887
5018
7054
7133
4053
9993
734
424
7946
8978
468
3651
8445
2733
7507
6330
3146
4937
1130
273
5026
1594
2836
9165
3764
4766
5865
7786
7246
1935
9241
1691
8656
2693
4024
5739
1334
2823
409
6105
1685
1403
1186
2530
8610
7031
5979
1962
4641
8372
1806
7353
3657
3194
2089
984
3515
9464
411
4823
3662
4197
5273
5523
3740
8716
868
4783
5103
3429
1532
9481
3057
931
4340
3875
1947
277
5185
9702
9708
16
8521
1799
3816
8863
8242
3991
2478
7502
9772
5656
7418
7804
6808
5716
3744
6644
1648
4428
8489
5815
5121
4807
4560
1155
9128
2884
5534
1327
3437
4435
8631
8131
9650
4336
1967
6476
2835
4128
4372
9076
5465
9270
7272
6602
5700
3142
7538
1370
1671
2319
8762
7967
2329
3240
8330
5547
2698
1998
703
1580
2350
5135
8441
2175
7608
6734
6324
457
7537
5392
6814
6448
6670
4252
8400
8785
6048
484
6166
5685
9110
8015
8429
5669
3501
837
2311
4650
2146
2715
8508
5472
4127
304
4382
3321
3958
542
1391
2330
3311
3400
1282
1312
5225
4029
9730
8747
4977
3818
54
726
2115
4431
8960
4068
2239
9468
516
1719
4894
3710
3643
6775
6843
5113
5386
936
2428
1597
4594
6915
9212
213
6970
2439
1888
8737
6558
7745
4076
9935
2062
4003
4009
8895
2773
1923
9718
8908
8175
3767
4902
5162
8220
4234
9569
943
4291
5696
1615
183
6940
489
8333
5412
5871
5456
9238
5556
2317
9678
9007
4106
8354
6679
3433
1975
3766
9814
1524
7431
4176
6810
5948
5140
3362
2670
1285
8247
3377
496
4065
1310
1476
825
5962
5420
8055
2995
9562
769
3789
1714
2191
9878
7398
4561
9429
5952
755
3074
8462
7367
6987
9735
471
3968
5594
5680
1529
8903
9766
493
6201
5189
8949
8540
821
2643
3794
8326
2817
317
8661
9624
8499
1399
2368
7976
1869
6848
7887
5803
7733
582
594
649
8433
9755
7449
2616
6274
5795
6989
8891
3719
3867
2116
9234
8382
6042
6534
6639
83
4199
3660
3157
6948
5390
9512
8570
5957
3419
7697
9119
5559
351
7625
6205
835
6565
1812
6018
6588
3776
7992
5799
2127
1454
4663
7040
5358
2321
2959
2600
3581
6108
8979
4225
8852
8443
3195
402
1928
1891
3485
2894
1961
8351
2185
2254
7656
5961
5983
3804
4990
963
9017
233
7619
2868
5374
6830
4750
5590
7500
6440
8734
6051
5347
8627
146
7404
2807
5678
5802
3032
2250
6313
1771
8014
5417
2511
3900
9108
5867
9751
7952
1707
9616
8318
2636
5067
676
4952
8348
9036
4097
5144
5971
9505
7344
3432
865
5171
5947
2031
6315
2676
9602
2121
1479
7189
6581
2800
6283
7903
395
7716
1838
4036
2603
2196
4447
7797
3786
8341
6372
1604
2975
4514
2045
7161
2828
5816
6101
7463
9649
6167
2268
3806
9281
6545
9936
4489
1748
2568
2088
8323
9716
5743
3170
3641
5089
740
8112
7759
3009
8316
1828
6183
5014
8950
1959
9297
6831
7422
6188
7260
7568
5765
9101
1212
7504
5048
5046
2249
6466
8985
867
6942
8889
6395
2299
2944
5812
7686
2161
4433
2262
8751
6589
3557
1400
444
6580
4858
9430
8076
3342
4208
8490
9854
2598
5137
3476
7245
3622
5712
8111
7810
9777
5524
5145
6939
7599
2815
8694
6293
8657
182
3855
873
5364
6488
2338
478
5156
7345
2166
9357
1543
1703
2892
6084
2313
4318
3572
7792
4610
6365
767
9442
3444
4870
5138
1699
9081
9004
3739
540
941
5817
5088
1408
6146
1652
2033
7853
659
295
5773
7915
8755
2480
3498
362
609
2593
6763
8409
6503
5061
4510
7607
8481
6300
7855
423
1208
360
2230
4067
9945
1036
8434
6612
3214
9407
1623
3044
1803
3645
3521
7472
8370
9222
593
7305
5484
8189
1934
6061
1011
1435
4280
4908
416
6020
6053
6967
9576
5260
9067
9813
2590
6384
2545
667
1798
1022
5643
1797
4303
1918
2260
6539
6215
3337
6381
9185
4770
5692
1151
1173
4951
8300
3396
5172
7236
4618
5776
6805
8997
757
5411
92
8002
6925
3259
3907
9479
9444
1927
348
2444
9898
6574
4011
6107
8613
6225
8976
5702
3946
5679
2976
8273
9154
3936
1180
5769
3647
1158
3712
3510
4935
8917
6010
7316
3852
318
2614
8678
1178
8262
3865
8448
2935
3234
8336
1588
9122
7036
8757
3658
9537
671
3039
5886
7561
4459
7824
7457
4027
6896
9252
4752
5462
2296
5150
417
1441
6620
6496
1516
4449
1957
4162
6686
9715
3338
8626
8683
6265
6887
5939
4642
6264
6200
2849
2292
5597
3317
4596
6733
3609
6716
5668
6529
8723
3275
4537
6604
7714
8706
8574
2420
797
465
4786
1482
5093
7135
4678
7525
7637
6179
4830
5327
7349
9439
3646
2409
3610
8602
3353
7265
8766
8942
9249
2468
8388
934
6385
3114
8067
5976
1
9338
3403
9651
487
7793
3708
7670
1583
7580
3729
3862
367
2195
477
3298
9513
2232
4007
5553
521
6548
1773
5282
9778
838
6249
3587
4604
8724
1142
9296
9337
7076
8239
8231
3554
4102
7883
5980
4873
5699
4002
7145
6071
1977
9394
913
5220
3524
4846
8550
8119
2278
8622
2084
846
4614
9762
7869
2994
1126
1949
5054
6756
3201
5123
8040
8130
7389
5750
3086
4541
1455
323
1849
8857
7970
7012
8564
2628
6308
8092
352
3293
9182
3035
959
5289
8664
4932
1146
7777
3448
9903
9910
9463
6731
159
2128
2952
5684
3911
3898
71
1183
5895
8869
2040
7151
3077
8028
7433
9926
1253
2303
9408
2513
7955
4889
5613
4862
8163
898
9052
927
6834
9224
2661
7705
3594
1894
5316
5694
5566
637
2785
3709
1093
5010
3022
7070
1679
3612
1073
6660
2360
4962
2915
6345
2092
3728
6935
6141
2435
4653
6367
5017
8260
338
7563
2526
8384
8710
9140
8254
325
7836
4348
1692
6522
9403
698
7104
8180
7157
6629
845
372
3415
6619
1954
9218
630
7569
5367
7501
2819
270
9361
5064
7452
7650
5709
2970
3944
1051
689
5441
4031
9198
2455
5481
5985
7688
8590
6746
3854
8174
880
5430
9954
7583
7332
2295
5530
4270
5024
7251
1019
3290
5618
1727
2918
5949
7368
9990
3825
2864
1352
849
3166
5487
1827
4329
2697
7741
4341
3355
2931
2258
4680
5223
8090
9644
1753
1226
974
530
9013
9732
3101
3771
6441
1217
4177
4548
4346
9996
2728
9599
2074
8632
8440
4616
599
2424
2271
4302
8021
1988
5363
8285
1024
5782
7795
5951
3692
8498
8790
3063
2472
6582
8542
3180
6304
7509
3506
6419
9522
6722
4838
6973
7484
612
8846
7421
9563
1556
3322
8674
549
7319
7373
7841
4480
5498
7348
7279
4515
618
4944
9759
7988
7289
4094
2745
7940
947
3589
4214
6292
6001
1734
5917
5257
3136
810
7803
9425
3517
5912
3754
6026
5634
8796
96
3656
1414
9634
780
6493
8041
9095
8310
163
8831
8808
4033
8017
2204
566
7957
6260
7014
8120
2938
3123
6999
150
9561
8178
1176
9320
3037
6370
6396
9006
8975
1978
3097
6980
5012
4092
2937
97
6971
6952
32
7769
2456
8000
5055
4748
266
4640
3161
9180
5792
8367
647
8861
9941
8380
7467
5766
8807
6586
2974
3082
8887
9157
6453
7100
4497
1007
1790
9466
2845
7666
3206
8799
1818
7913
8511
378
596
2085
152
1419
3899
4465
4751
1598
5536
8817
4178
3148
7575
4394
7268
226
9226
937
5647
9494
1364
353
8190
7027
5595
5427
7071
7735
4806
8888
1629
1735
5319
84
3901
2602
7099
9373
7527
7010
3716
6318
7055
6346
3248
2051
6573
8305
7763
6661
2963
5522
379
3542
6647
3608
1210
2708
4051
5153
9737
19
9369
1401
5900
5514
1819
9232
6975
3090
2824
6430
1522
3841
9943
7318
7337
7521
278
6449
9
1383
4602
9560
5549
9830
5969
1059
5927
4495
6540
3008
8553
7997
6607
169
9458
3895
5986
8740
6664
189
5199
8233
9411
9456
6376
8460
4599
8066
2325
6865
4124
4737
2087
8419
6713
4490
4241
9749
7244
4182
1624
6424
5342
4000
8036
7320
7450
458
4558
9175
4575
9235
4570
2564
8815
7324
2829
8053
520
8078
5840
392
7995
1992
4501
1219
9544
6435
6111
6516
1641
5510
5393
2566
3916
3438
1631
5862
5576
9174
9172
8677
9316
8529
2342
4438
9341
4933
5124
9376
3406
9272
1865
2275
2279
7766
746
4342
4460
9137
3383
5355
3655
1609
6656
8435
6842
5960
8214
8105
4619
1123
4804
7490
7931
834
9747
377
4366
2597
9548
8306
7680
5496
855
4183
1387
6394
6027
3481
5450
3671
1345
5344
6899
1412
6753
4698
8825
1018
5945
7859
2450
2392
7911
5184
9530
5159
523
3124
6956
5642
628
7729
2137
1979
1127
7375
5846
2272
3273
7103
5379
1322
9871
6387
2343
4156
2717
1555
6458
8745
9312
573
5959
3704
3276
2904
2326
4719
1054
4940
8491
2322
5519
2364
4017
2396
4150
5542
3724
7747
2870
3029
3297
505
8061
9798
5602
3827
5242
5244
1486
7559
9668
753
8407
7544
2445
2632
1499
8882
3636
6469
5375
5698
4564
8269
7331
7598
1688
7924
8900
1443
5336
1332
3824
2484
2498
6828
6860
8639
4606
3121
5301
3418
8536
4228
4429
6471
2315
3548
440
9295
5907
6551
1218
9336
6969
1625
1899
5463
4571
8748
6945
48
3443
8218
9030
8804
1970
3030
9804
7356
5978
8043
162
3552
6793
1968
3500
192
9421
8457
5378
7339
621
1242
5616
590
4039
2243
2132
578
6676
5506
9062
1561
7723
9427
8681
1770
408
9630
2463
527
6323
374
9774
9327
7645
2179
3328
7134
8813
8344
5397
7719
7720
1450
8580
2837
5741
6868
8608
2562
8404
8533
5255
1568
9870
5711
2356
9152
9191
6209
1750
5305
1101
133
8353
8369
4100
2126
2608
5198
209
1772
2631
5822
8240
3626
9983
5016
7711
9970
8362
3125
9418
5605
942
645
6997
2065
9580
1756
9433
455
2737
463
3435
6028
4371
9278
4664
8299
9233
9293
6191
1563
4860
7832
3584
744
8050
5099
4792
5503
9648
2306
7750
8082
8786
8140
9989
7950
776
7536
8227
8359
7123
2024
8587
8665
4724
8916
5304
6477
2966
5284
9914
3120
2777
9553
7762
4443
5627
3490
9622
8535
6229
4257
9917
4711
6585
7622
1349
335
8235
7180
2607
2699
6919
8514
5611
3183
2327
3045
8168
117
6236
1788
9875
8520
9971
9179
981
1235
1484
7288
375
1879
2464
8920
5726
6072
7328
6526
6903
3871
1321
1767
9462
2340
1789
6568
6340
8385
3668
6341
4122
6851
3374
9178
5086
3807
1841
5011
9791
3678
9765
9821
1783
7357
4461
3329
3504
7990
1610
6778
881
3056
1611
1986
322
9133
4620
3693
2408
7384
5704
1752
8085
4795
7001
908
5322
8924
29
9328
2430
8655
31
8546
4434
1576
8775
7816
624
4827
2743
7584
3785
2659
8867
3928
8860
7436
9347
5053
1192
107
5655
1464
6038
3623
7267
6617
6701
2921
2347
2852
5163
4859
8057
6464
7586
7323
7534
1487
4417
1933
281
6125
7425
7046
5190
2136
9263
3380
9480
6890
1940
9786
5165
2148
51
6136
5370
8365
9773
3905
8961
2910
3606
9848
9681
9807
2093
7512
4169
7649
1237
3132
6789
6291
9134
5719
5749
1359
3956
7791
1330
118
4780
6873
4335
852
6306
774
7837
4418
4213
6060
7021
5752
2863
6482
112
4907
1684
3547
5672
7047
6798
6690
1111
7171
3489
1990
7032
3722
7160
6005
5849
2416
2019
9063
9379
6169
3361
4089
9605
8934
9719
5421
2158
1402
2688
4625
9209
525
6383
7884
1040
7263
1456
3591
3908
6386
9589
7571
1546
2793
8754
5285
957
9459
9828
2210
2859
7317
448
6170
2383
5855
4420
4522
2386
548
3207
6837
1215
1920
6133
2846
9424
7287
2620
5001
2096
4364
6769
1495
7702
307
7249
1365
4232
3527
2831
1244
1133
2495
7743
4820
9164
3041
6922
3932
109
2709
4130
7546
2417
4852
7993
1074
5930
6363
1711
1472
8157
6481
8492
1848
9763
5312
6035
5369
7925
4345
2411
4292
3285
3445
888
9707
5797
7831
7378
5384
4644
5533
8185
1251
2686
3316
1350
12
3488
9116
5328
394
6314
4901
6029
6076
1191
312
5890
282
4675
8883
7188
3874
7224
9414
8466
1102
4410
1636
8471
7126
1420
3759
2997
38
3654
611
479
7894
4881
6093
9497
8109
3897
9268
2951
1704
9995
4836
3260
4389
3399
7609
5841
7067
1096
4359
5794
6666
6194
4791
3734
3974
5377
5906
8971
6918
5115
4509
1337
749
3156
41
1137
5237
6636
9748
2047
3803
5307
1094
2922
8165
1460
5350
9613
9021
7628
4646
4402
8554
7304
3237
9843
8459
1303
3765
4531
969
5578
8969
1319
349
6689
5182
5435
7362
3257
8847
5936
3832
4405
248
2719
2567
214
2167
8357
7007
2379
8038
2972
1729
7006
526
7827
6576
7698
1619
5299
8337
9344
5229
3004
4879
8956
6203
3707
4886
1347
6563
2981
2611
6654
2540
1177
669
5641
9450
3384
1209
5892
3236
7347
6886
3200
342
1762
9351
6695
7111
8223
8959
528
9591
2217
1134
9187
5141
9039
7390
1429
6817
7844
7030
5431
4107
4671
7556
1932
9161
2312
4025
5724
7081
224
6748
1166
6044
3168
2948
6206
7262
878
9808
8006
1357
2515
5729
5742
6938
235
5705
8991
3474
2471
823
2503
1172
8238
640
857
3971
6988
148
9925
6155
5161
5842
5215
6254
9978
875
6755
7170
9273
4472
6467
5648
1205
2119
3325
5762
8179
5234
1488
9538
9692
7423
4012
3632
9923
1697
3196
7927
7749
7132
7943
8877
9381
2604
2105
9861
9987
766
4424
7207
9129
3921
8539
6261
5120
3139
3411
4055
8001
3059
3103
2054
7187
8132
442
7174
560
9909
3627
5034
5241
4525
8317
2920
5178
6844
2441
4383
583
760
1393
2238
3187
7929
9107
5574
1372
7781
8062
436
5062
297
1701
2057
4943
2276
1497
5928
1548
8096
4227
1451
472
2394
9858
9994
9500
232
3689
6312
544
6075
2160
2458
9863
7000
6178
7677
4022
9146
6561
2009
6039
4086
8121
6821
6533
2375
3934
977
2923
4779
2761
290
1341
4587
386
2971
245
301
7964
650
4360
8829
4321
6645
6364
6008
4506
5202
1382
1607
1866
154
1067
3116
7704
4499
1234
5352
9710
7200
4733
1757
2898
7482
9126
1540
2887
9266
3048
6964
2425
6880
6715
7999
4784
1552
7293
6908
2786
9894
4959
9503
7118
1793
1502
9440
6175
3414
8789
5129
8652
6995
34
2534
9671
2810
3634
9815
2000
4059
5721
5050
7464
1895
5570
3084
6310
384
2897
9655
1248
8977
6279
2547
5313
5396
8676
5592
7257
1297
7477
3699
1311
3280
4740
5751
4246
8721
2633
5540
682
8101
7772
553
5831
4049
2695
8518
7588
3464
5596
5923
9237
9049
4764
4645
2410
7297
6618
1533
8600
1742
9280
997
8216
7213
358
3167
53
3465
7295
4133
8811
3211
8169
1480
8726
4974
8638
8742
7371
6439
3308
6730
259
4376
7672
989
3
8011
3428
8349
833
6389
52
932
4607
8033
3274
7185
8936
4955
3926
7895
4207
9724
9136
8685
1043
9801
6212
7240
1859
2875
2269
5972
86
708
939
2548
3099
2177
5228
2165
4993
615
1964
46
1525
9493
731
2007
8828
3163
3109
5213
7966
5589
1982
9859
4090
2488
5899
5565
6360
1909
773
5238
2878
2180
5601
6235
1833
256
7709
2692
7230
4103
9745
9792
6777
4437
4629
1092
7822
6882
492
8048
684
8868
3982
8939
830
3531
2044
4928
6268
8051
9800
9142
5992
814
6950
1165
8880
985
9697
6116
9973
511
7176
9070
9704
4798
3287
9215
9504
2749
1585
1409
3405
4921
2391
9483
895
861
4315
9356
828
8787
7478
7918
5856
3959
8630
4266
6022
1294
3913
6941
1351
6197
6829
710
1723
9132
5809
4339
3393
794
808
9539
9155
6081
5774
6245
7052
5808
4093
2252
5482
6685
968
894
3367
6414
2091
2739
1760
7147
7110
2942
3459
8324
6098
3837
6610
784
3667
6691
3265
9696
9664
8253
4309
1293
8898
7867
1425
2838
1160
1329
3398
2363
5714
5546
1300
9397
8982
992
426
1562
9258
9723
3939
2309
9358
1035
8270
3781
3845
4639
9472
561
5028
6520
8286
7585
7211
6815
4529
8339
6411
9398
6484
7159
2328
4175
5516
6724
3631
4163
1791
9637
6550
8225
2189
7787
469
4365
8099
3582
2164
2857
1887
4796
768
7531
4815
4077
9496
9001
6181
3426
246
4855
1416
5040
6461
4655
552
891
976
539
1163
6006
9169
6546
7004
763
5550
6492
5381
8281
8563
9254
3637
3376
8309
1363
1930
2130
8437
9256
1754
1902
1023
8943
7049
567
7329
4457
8611
2856
8052
4851
4400
4527
9194
156
6218
9050
6552
4409
3482
5973
9782
3986
3466
8103
6337
2790
101
1239
2816
872
8970
9058
5486
3110
1536
311
6350
8217
7239
8586
3015
6186
9055
3281
1618
999
2909
4896
3821
8588
8031
9968
6351
764
7547
9434
6825
1288
2826
4704
6277
8453
7277
2345
8845
1426
7408
6090
8837
5529
9659
6536
1014
9294
9262
3402
2098
161
6192
9902
2359
8783
3152
4647
4026
4099
6544
7360
661
5586
886
2640
7483
8682
5176
9125
6184
2527
3966
1026
2479
1715
6898
5079
5999
3648
6420
9380
6444
6115
9837
2652
9753
6239
8763
2005
9210
3838
9248
1245
8925
3886
2595
2469
8876
8350
2421
5998
9608
7975
4147
4305
5984
2649
2986
4850
5112
4494
3042
5988
7876
1421
7868
9585
5395
2140
7403
588
6231
2827
6182
5868
4496
9760
7438
188
993
7037
3282
456
7333
5445
2579
9986
9593
7252
6633
4659
3687
1260
6495
8805
1874
5581
3680
9499
8584
2224
8561
4569
765
6869
306
8850
4936
4287
3912
2323
3210
4264
4924
4744
371
8102
8386
7248
672
5023
9010
6397
8304
4191
7167
9965
668
5021
7158
5543
6426
636
4503
6280
1081
3389
8009
6524
8421
5488
9124
6013
1649
8023
2436
4236
4047
8690
5015
3251
2710
74
2516
185
7939
9771
9090
3141
7413
9834
215
4998
8816
3735
8167
9071
9856
9633
4757
8616
9401
488
2546
7758
8381
6784
3963
696
4758
9302
907
1893
1534
4250
1579
2237
9780
9783
1232
1836
7303
1755
6335
4877
736
6927
2776
8894
1233
1157
3603
8772
3835
7984
1946
3495
1423
1280
6510
5349
4665
5251
5982
1572
7216
9323
577
3559
6409
243
4583
1079
499
8725
6575
1342
8319
1395
1296
5913
5004
7065
1900
8007
4693
7784
5691
1855
6667
8732
6628
6056
646
1375
9920
7336
1424
1507
9799
8686
8229
9332
9091
7495
3696
3284
3915
8901
7936
7543
7661
3028
1669
7017
1657
8709
2617
4192
1922
8933
3470
3439
8532
8295
1523
9662
6663
8032
2294
5209
7752
940
8479
4118
8989
885
7617
8447
5297
6957
3976
758
5918
9999
1670
4709
4948
9428
4621
7783
4161
6489
1207
3745
1240
1634
565
6004
982
5266
4425
7845
541
634
2194
8671
3695
7155
534
5275
1676
8820
2735
9443
427
3094
2141
3451
6070
4484
2969
5876
7938
7986
5989
2821
9028
8806
3058
8947
7626
9879
4651
1050
8026
6255
5065
3162
8469
6220
2544
4080
8155
7953
7979
956
7387
9309
2741
6405
6173
2683
1001
4917
7526
8034
7851
3450
7397
5250
403
7209
7429
8202
4735
6820
2302
3570
4215
1802
7642
7862
6684
1620
3320
6683
9022
8301
5372
2213
5720
3249
5838
4442
8658
449
8211
809
9623
6859
8118
1898
5263
249
2983
3131
1354
3684
6438
4441
4142
1907
4882
2504
7112
9060
7327
7226
6902
9781
8449
5561
2198
9340
8213
9882
6473
4597
1987
2896
4415
6410
2109
2023
2641
3002
296
1431
3544
9023
5440
239
5763
9245
665
3659
291
8451
8013
2520
8878
4945
6972
6979
3742
9277
1835
2930
9150
4504
5756
2911
2680
1278
2182
1348
9079
9139
6740
3604
5501
7852
7060
4840
9410
8071
7701
579
5901
8834
1890
9864
4929
8998
3741
8938
2738
2804
4732
9335
2889
4980
9682
8859
7330
5303
790
2147
1097
2905
2855
1227
3665
2958
921
9104
6856
8556
5200
6955
1195
3924
8597
5775
3574
4032
7591
711
299
8603
1267
7470
6058
1725
7048
6316
2582
1882
6380
8422
1033
5183
9389
8430
8093
9265
7794
2936
1733
4074
8267
1603
2186
3420
5373
104
5029
4392
5956
8356
9390
882
6498
3173
1469
4330
4485
6399
1113
6518
2840
1778
879
6708
8158
9612
581
2830
8089
5935
7548
6749
3295
69
2814
9600
1254
3401
9072
6172
3650
1021
8718
5013
4028
251
8212
1627
3073
7491
1513
793
9805
4260
9874
8200
7
8278
2663
9368
3784
3546
6177
4101
2727
8355
6156
5579
1955
7732
7310
5376
3119
7363
255
3615
7280
7948
2389
1834
9688
503
9542
174
2192
6412
3473
5882
4853
343
2780
2946
2998
6091
5891
7558
2004
5511
474
8609
3305
6926
3046
2438
5387
1951
3576
2795
4987
5416
4491
5604
2376
5673
3283
241
5804
4519
6786
791
6127
5848
8788
4898
551
5897
4954
7296
8703
9946
2460
6788
8851
831
7989
1896
387
6019
3652
9534
4756
7727
4939
598
9833
537
8642
4407
7044
3718
6594
6833
6359
9677
2953
9279
589
3176
7896
3394
2945
5036
1199
6078
6623
7552
6446
9069
7539
3578
2112
6721
4297
5424
8485
3373
8523
7350
9202
4715
7091
7294
922
2977
9855
1972
6613
533
5628
7148
9467
9044
6693
7830
7898
9938
1367
6063
4043
2586
7875
1194
1880
9310
2861
1085
8793
8222
4004
6478
6457
9250
4712
9053
6033
3802
4809
7264
2378
9289
799
2967
8258
1637
9865
5833
8008
319
6511
5687
5175
7346
5154
4586
996
1440
1820
3677
5187
802
2956
4042
9758
5324
7956
1816
8272
7024
547
4773
7308
5758
7854
5293
4288
8480
4091
7664
6752
1976
2081
240
6729
3212
5371
3917
6985
4263
274
4517
7063
3715
6791
728
8777
6390
4391
7234
9163
7573
9604
2111
2401
1152
7932
4841
3583
446
2042
7026
8478
3289
8752
5325
2414
2059
8874
4060
4927
293
2772
910
4149
7592
8625
6622
603
1973
3701
8497
6535
3625
3736
7708
822
926
5076
995
9203
8152
40
4546
7340
8411
5963
6959
6202
5934
5181
9663
5620
4677
2344
3761
407
1738
3856
643
4535
1049
843
7739
3416
860
713
2851
5877
2610
6977
4098
3503
9881
1675
8413
2574
5467
9426
1392
7041
3272
7614
538
8153
2233
4082
973
5474
2287
2613
8994
3598
9099
2402
313
6505
9899
6122
9885
6352
9160
2181
6765
9977
9143
2282
5821
4500
1196
9727
8069
3155
5098
9199
8897
2102
6867
93
652
5205
6147
8548
1468
2083
5262
6311
4168
356
6064
7427
6888
7662
8596
9626
1842
6226
9618
4006
3567
9123
9588
6074
3638
6117
2215
3529
1483
782
7092
3558
3800
7674
510
4995
686
3653
9636
373
3751
4
3441
9775
66
1039
1405
2049
7276
8129
1418
7902
7756
8379
3014
5269
8244
5588
7343
5532
3036
320
1287
785
3613
6816
8675
8673
2543
4611
3950
2265
783
9186
7028
8614
369
284
2647
330
4745
4694
4456
4662
1082
263
5987
9360
105
4466
5448
564
8331
5125
1939
1917
8717
9061
8170
6317
3725
1924
3040
2703
6120
1433
2305
7458
6714
9114
267
242
1461
8091
6646
8512
8507
1700
460
8958
2789
6966
4454
3881
6515
7022
8292
3616
7183
816
4355
8192
2403
6556
3229
65
3067
2660
7835
4982
3887
8403
2978
3876
4233
7302
9153
3480
3244
9739
1009
7435
5873
990
1143
5413
2369
4352
1844
5330
2767
9171
111
1066
7393
1985
9653
4110
5747
6965
10000
6135
8749
2957
5921
2070
2903
5545
4037
236
5045
1721
4825
8965
9811
7283
877
6827
8649
9733
5902
7271
1582
9396
9820
9880
2960
7301
2025
9827
254
7892
7815
2571
6673
3238
9656
36
3294
1737
6325
9816
3592
4237
2030
8736
5944
9321
3135
4913
6921
9271
5850
7101
3492
3869
9640
4226
3222
9720
5801
6591
9448
2308
2240
8025
8733
1530
8700
1313
718
1058
6303
9884
5235
5649
4777
9484
8864
897
363
7184
1581
6998
1198
7934
2027
6451
400
4406
5569
7715
3768
2746
4349
4957
3340
8843
2869
3733
7232
9392
3882
6832
315
1277
1527
1809
170
6118
2145
7796
570
1774
7897
4379
3549
6
388
7406
5878
6282
4054
9596
5832
9290
8620
7396
9911
914
1724
2592
2174
2782
1138
8941
8110
2336
8420
9117
3479
2521
3427
4145
9877
601
4488
5402
4273
3568
1283
4738
4895
1993
7849
3565
4808
9776
978
866
2297
8988
126
6400
8531
6849
2108
5736
7011
1926
2072
580
3792
7842
655
6159
7813
7920
5646
4354
1666
7415
8636
4274
9679
3378
4324
7605
1856
9754
2950
5767
9201
1394
2461
4243
933
1560
7801
6404
5674
2134
3463
3686
2811
4204
7724
5332
5239
5693
545
1925
5296
3551
8715
5791
5845
3919
3541
6900
7636
4269
5227
5278
677
4427
5195
9096
5216
2176
5294
2419
63
6112
15
4524
5438
3951
5677
6905
9895
1390
902
5995
234
4769
6787
1518
631
4725
3159
1965
4423
6738
8821
3217
1678
8594
6901
5965
1991
6994
1852
3369
1304
1465
2539
1292
7079
8368
8744
627
3705
1633
3879
5653
5585
9809
4186
1801
2694
3808
8074
5880
4816
2393
6007
2157
6803
8340
4566
5219
5380
3024
805
5082
6289
4701
9275
6287
6059
9684
5186
3778
9098
4463
8141
1100
9148
3034
508
8108
5785
2645
9131
5557
8345
153
1070
5261
8483
9012
4919
4023
8932
5555
2596
1447
571
841
9019
3831
1145
5861
2949
1870
1653
3061
7566
884
4679
5953
6923
4656
1950
2227
7237
1781
6801
8248
739
6043
1159
6675
9113
3569
4833
8487
1549
2612
7623
2675
6569
4170
994
7050
8230
8016
5246
4964
4381
7814
4635
9404
2497
3850
3071
3382
5608
1338
7455
4976
5007
6427
2048
6949
4020
2200
5020
9319
4648
1810
2020
3870
8972
948
3070
1873
1442
692
8327
1782
7684
504
4578
7878
4385
2060
2862
8966
9213
7162
5541
7960
3526
9103
5206
1249
6428
8360
5385
1720
4123
4999
4219
6301
5793
7150
9355
9817
9632
2536
5870
3497
2236
1916
9546
9264
3930
8187
9638
6083
7341
6508
7152
2890
3397
8391
2565
3193
443
3151
9949
892
3530
4179
5512
91
5787
4906
1824
4970
9193
4223
4267
6680
2509
576
4235
705
7648
2218
5898
2440
2871
5884
702
6698
5977
8662
5410
1690
1901
8699
8116
8302
5214
8428
410
1717
6605
1032
5644
3422
759
5614
3487
6077
6262
7186
9349
6240
5723
2335
4834
3822
8456
7734
9246
1477
8484
5286
8136
2263
8566
5194
2173
3731
1053
4120
208
8782
271
6232
459
4666
3327
476
7097
7029
2874
7557
4272
4132
6422
7074
1681
2002
8160
405
3003
9325
3995
2965
575
1324
9486
3988
8986
1098
4294
7439
3453
5451
1969
4963
9695
2553
9712
8209
258
7382
5564
7078
5302
2337
5869
815
9831
7712
8464
2052
7604
8962
4539
6416
1129
453
7085
980
4730
3763
7051
7519
7109
7633
8342
9009
9890
9639
4681
354
804
4540
2720
361
8122
5208
8881
7809
8856
1551
704
4308
4547
7696
595
7817
6208
1025
3810
2150
3864
3413
3339
9035
748
8672
135
2400
1462
3060
4920
5717
3292
9590
123
6152
3918
7270
5789
2794
1204
2013
1246
1758
7432
4367
5531
4126
9896
5515
632
2771
6479
944
2500
4210
8375
9118
2094
9738
7922
7278
7738
195
2061
2152
9849
7991
8866
3681
3830
5383
6674
4284
2549
6187
2432
1612
5770
5954
1845
1593
3753
6165
7994
7779
5345
1436
1171
4422
6559
8135
1569
6937
600
9229
6034
2993
6099
7646
9918
6889
7177
1554
6509
605
2270
4493
8146
3790
7765
953
4473
8909
6554
988
9065
1751
3947
2792
5134
3903
6537
2427
5993
1599
2043
2214
4842
9887
8228
8415
125
8758
2100
9189
445
4063
5853
7149
115
685
6054
2352
1326
9742
216
8922
9594
2163
9552
3861
8221
6354
5807
5771
3310
5033
9619
8117
1481
5401
3197
143
1608
4477
6968
9601
2985
717
2332
7790
7818
2769
4247
334
3533
5131
8544
7266
3885
7764
7107
7459
3209
6243
4144
2496
8059
9470
3511
203
6764
8114
7231
1045
8475
2797
7949
5102
654
2154
9085
2848
7890
7034
9073
536
7780
3345
5407
4143
9528
6587
6768
3326
4767
2457
6373
2012
2832
7256
5326
7671
441
5231
7728
1566
5662
1912
6904
5920
2133
7053
9687
9402
5073
3243
772
741
8728
1832
4121
6578
7499
5737
470
8427
7194
7933
6258
965
8147
4398
5974
8328
8465
7087
6015
6652
8020
5825
4624
201
4444
3179
1250
305
6485
1170
2447
1353
3860
3430
8039
3366
9974
7410
5232
9200
2077
8442
2964
7782
9047
7285
264
4112
7725
257
4674
7380
8482
778
7800
5429
2234
4084
2155
434
3145
9932
2577
7416
3049
1295
5568
5147
4633
4066
3261
3027
7038
6334
850
779
1884
6513
9689
6785
8746
9736
1785
7657
6138
658
3514
2022
1584
3863
5571
1490
3354
7632
2941
1046
1381
9306
1850
1458
9141
6150
7860
9508
9934
5718
8666
1366
829
430
5400
6294
5937
4672
7312
8794
6210
7889
7235
1716
5240
3263
3144
9652
9574
2535
970
9962
2113
1103
365
8171
8472
7291
8527
1398
2190
7551
7098
5800
2666
2813
7503
4817
6017
6049
6648
5630
6259
7372
9515
7286
8166
8142
9363
2117
2151
2895
756
5437
5847
2090
2029
3573
5068
3720
5732
6046
3104
3942
7511
8246
3585
2770
7726
5002
9963
432
5713
3777
8849
1919
5722
6879
2475
2406
3670
9317
5686
8633
7549
7731
2900
7721
4432
7774
9362
1182
5738
1980
9770
7409
8005
2913
4151
6216
4577
986
6326
8037
5990
6073
1650
5455
4278
2170
4038
4983
5444
7129
2576
923
8104
4824
8693
5688
9523
2991
7205
5277
8913
2341
8915
9078
4923
7117
9578
3993
8769
938
7577
3523
8896
6826
1941
4242
6657
2381
5852
5621
2691
4972
9367
4253
4275
1521
602
9299
5478
6694
7453
1655
5090
1221
8177
1989
217
5174
389
5248
1149
4688
7969
9485
3231
1501
1592
4581
8144
918
4718
4793
543
4953
2286
56
321
4301
7906
3368
7254
3801
6143
633
4736
5874
6032
2932
8268
7233
3021
8402
7042
4479
5636
1553
5047
2153
4845
9980
8515
7600
856
4922
3528
8313
4430
2449
3375
1413
4481
2443
5157
8910
2433
5
7767
9475
9919
8161
5894
6021
7678
3182
3628
6447
7227
5777
9177
890
3105
447
6355
7974
2273
3713
4831
2404
6861
3566
1061
4048
750
8060
1272
4699
3171
9967
8201
9409
5975
9930
1385
9083
3519
5464
4282
8957
4813
8079
3791
140
3883
6907
8833
6853
495
4240
2125
5708
2370
7550
8704
1115
6717
206
5101
747
5839
3184
8468
6692
4782
8927
5483
2026
7392
1807
700
397
1064
7602
2349
9680
4064
7751
9610
5955
8198
7612
7668
3117
225
1485
2726
4803
893
6088
8593
7864
4905
5256
1318
9145
7901
2524
592
562
2765
2339
2690
204
2799
6932
7095
3087
9151
4061
3743
7865
8774
9502
3007
5084
9339
9054
2704
5066
6219
4374
6974
8393
2212
8750
4125
3538
