4147
3281
771
3077
3994
488
3652
35
3555
304
1081
1401
2413
2966
651
591
4737
1674
3390
182
2719
4600
3217
4199
846
1862
4030
4059
4697
2441
3245
4304
1243
4136
24
351
983
3603
3271
3106
164
405
3328
1996
3521
4843
3359
1362
3300
253
1880
3181
2075
514
972
58
4390
1208
1803
1773
1771
3531
3740
1703
191
1673
2983
40
3494
1443
538
4272
1114
4739
2072
4185
1828
4772
1491
3453
4388
1788
1016
4303
3786
4722
859
1952
929
900
1516
3297
3520
3649
71
3306
2977
631
573
4349
3519
4095
2255
3330
69
4366
451
1486
510
3101
999
1930
3009
3993
2961
153
1897
1636
3429
39
4375
2541
2249
4655
18
4249
2732
2170
3265
4921
138
2035
739
2391
2964
315
4429
2288
222
960
3384
322
4948
2612
2739
1074
4618
2402
472
3699
1292
2005
19
4353
2872
4266
2360
1887
389
3768
3623
4919
2025
4118
1125
3136
799
4018
2688
2069
3799
723
800
1535
2932
1675
3004
1259
2528
1196
4415
3577
3120
3640
4533
2775
1981
553
2912
873
2314
2996
4721
1560
2510
165
1906
2742
1758
4419
3192
1340
2265
2833
3292
1960
2335
3399
1728
4796
740
1012
903
4047
2969
3063
952
1632
267
3007
1461
4191
2225
1531
1239
2313
4627
2667
34
3183
2630
554
2574
672
2662
636
962
4898
1616
3249
1569
1735
2267
2030
1671
2101
3663
4447
352
2710
1433
2852
4612
3775
1730
1544
1498
2666
1079
3001
4946
1641
1484
393
4341
2648
1426
755
829
3434
80
453
4522
820
2658
896
4048
1095
1
905
2078
1262
4978
4321
2308
3410
1702
4285
2336
1115
4716
1031
2962
1982
533
130
4113
4804
6
3460
4394
2587
627
3043
4838
4460
1812
249
4368
2530
2687
4139
729
3596
2111
3650
3483
2317
1403
4098
4188
937
3988
2487
3952
2434
3880
3258
296
412
3207
4998
1237
4897
3690
1172
2356
793
2247
3634
214
1047
4663
3229
357
3378
1837
4425
1963
2209
1372
4338
2646
3242
3582
1326
3345
2871
911
1533
2665
2765
2236
4483
4558
3339
2858
3177
4474
3321
1501
2800
1561
2334
3313
1391
2639
1875
1973
3939
727
2730
3917
4774
3767
2455
1431
3644
4025
1465
1077
1640
2839
2264
2632
3879
888
3779
625
2243
3868
4279
3261
1360
3541
1442
3674
1203
2860
3218
2844
4451
3481
3062
1398
131
3587
3906
337
1475
2368
715
850
2169
147
1025
629
1631
1580
4108
2657
2998
4944
3646
26
1462
2728
406
4181
1898
3513
3341
3383
802
3871
4083
324
106
2046
3071
3175
2258
2486
1543
788
2691
3918
4010
4319
4814
3599
4065
1248
4862
1183
4913
3128
3458
961
1111
3394
2717
3737
1925
1721
3897
2967
3291
2440
3280
3809
3381
3733
4237
4854
2883
530
2100
4882
1318
2079
161
2831
1519
4262
2918
2654
3048
4708
3361
4070
1056
3724
378
2716
458
342
3493
4773
4925
2277
31
2705
2071
2585
574
2038
2987
1978
3037
1964
1310
3679
4975
4033
1347
4526
608
1783
3197
1835
664
105
3454
1701
2861
2603
4933
1202
2655
2781
4094
2396
1206
3889
2868
2943
1232
4656
1755
2466
1619
2056
3347
3315
552
2381
4519
2167
2345
543
4418
3776
3622
4795
4871
848
221
1955
2714
4166
2754
686
674
934
3545
684
4926
935
3685
1137
584
1214
3301
4781
3661
759
2292
1117
1797
4475
4703
592
3203
3975
4929
4382
235
1149
3
953
974
4043
4984
3735
818
2763
1659
1358
38
3213
3567
271
1069
3154
3715
4537
949
811
1575
532
3848
1556
4422
4790
1104
4323
2037
4371
4082
4454
2496
4487
2672
3107
3718
4002
1430
2974
3713
57
3095
3204
1089
1748
1572
1409
3382
1455
4195
373
3233
1408
3859
707
4217
3670
3348
4909
1687
989
3789
4957
551
958
3369
4259
1444
4498
4173
2148
3108
118
1169
3965
2390
3447
2282
988
3864
1889
1851
2384
4213
512
354
3237
4903
4931
4761
3215
2993
4153
2408
922
837
4352
711
4571
2479
4901
2365
1313
1586
3585
615
1138
3915
3610
2294
3559
1850
4438
4267
840
3052
1147
2991
2132
3869
436
1453
4373
2457
568
1747
1386
3940
2514
410
1201
3496
266
1024
4993
2483
864
590
3524
656
475
1710
1836
3466
4049
1139
3693
4156
2978
4625
4177
3097
4335
2091
1375
3574
978
1054
4456
2337
171
4767
9
4727
1146
2643
4885
2026
3781
1336
821
2492
4007
481
100
1053
4633
4585
3068
307
2764
2682
2774
2829
3510
1705
4305
2023
951
2328
3098
2315
4833
4918
4134
535
1413
3504
4725
2588
2299
465
3761
1651
810
2140
2135
1156
20
4641
2921
2259
2879
303
1940
1737
2411
1085
2206
4942
3045
2237
1570
2133
4137
3689
2625
1348
1669
4619
616
2469
4351
268
2960
1234
2951
1451
2741
4990
4539
278
4920
1062
3422
336
1110
1222
3144
795
2533
490
1306
4970
275
1320
3830
4695
141
987
748
4997
3732
3983
125
3047
2145
2278
3240
1968
3870
3334
4239
4698
3717
361
659
246
1584
4300
2338
3035
3847
50
4758
2103
2965
2802
758
1813
3340
1826
1427
1144
2020
4150
255
4251
577
317
4849
2696
4968
1302
4246
3428
2050
1352
4667
3415
1831
607
4129
1977
391
1661
390
2062
1293
2371
1274
2660
4092
4602
2504
4013
571
4350
4187
2743
4632
148
2550
2925
2631
1879
1949
1523
4060
606
3904
1934
3360
333
3385
1471
1795
4510
3557
2055
4701
1158
2611
4578
3401
3908
4573
2889
1849
3958
1103
595
750
1991
2975
2735
4594
2363
716
4458
1328
4225
1919
1763
288
240
101
3620
4762
269
3155
3163
1697
166
1998
2981
1269
4337
889
3020
3874
2438
3977
4224
143
1607
12
4157
455
1346
1061
1464
349
4452
4631
2518
220
1846
3139
2534
2246
144
185
4027
3804
4343
4270
4940
2329
3709
598
4046
2740
2126
2862
4928
350
3820
3243
4274
1192
3495
3049
2446
1303
4462
157
3311
3572
1953
4138
3837
4133
4467
4014
1007
434
4379
4907
3960
1845
4886
4356
3575
3738
3948
3134
3959
2157
2295
1894
4828
1407
3247
2853
3719
813
1063
1365
3478
1742
2898
2311
3996
112
3594
1571
2223
836
2375
2307
14
4078
1242
3036
4704
3882
1496
1628
1778
3890
428
3159
4732
939
4741
2915
844
309
4121
3624
4207
2403
4093
2309
2034
2012
884
1124
1646
4831
3912
3704
1559
1247
1648
2389
4617
1780
2128
155
4908
3377
2112
2751
1051
441
1606
3050
4902
36
3450
3039
1198
4439
1168
2675
88
3065
3323
3601
2787
449
560
4869
1995
4313
2500
2231
1376
3342
2503
2404
749
1233
993
2187
2081
3758
1230
2542
228
1290
3314
4743
2122
563
1159
1867
4958
4513
998
854
4877
778
545
4988
438
241
805
2077
3647
3932
3484
3951
2051
2283
4308
1151
3773
4803
4642
2240
2082
11
2362
1177
402
3202
4895
2958
3645
2515
3060
767
2560
4130
4961
3723
4763
4106
3490
620
1447
346
2706
254
982
1591
927
2113
1614
4101
1019
2761
1281
4532
2674
25
1926
4384
462
663
2456
2141
4753
2738
1814
3320
3944
2589
4090
1864
2963
4038
1790
4180
2301
4340
971
4596
2564
260
2599
3681
3516
3162
943
67
638
3274
5
3452
2555
4457
2270
2310
1872
3331
4866
4639
647
1753
4872
3808
4056
133
1470
2285
4293
2598
3380
4247
2257
4635
1330
63
4515
3439
1592
3349
2559
4874
1118
4201
1477
4396
51
1608
4061
1311
1980
3395
4359
3907
632
4947
2448
3658
619
3208
4894
1825
3834
4812
2823
1844
3672
2973
4413
4501
3129
2881
2563
2703
3760
4102
1654
718
582
544
1128
1838
3584
207
4158
4204
3006
1657
2875
4620
2366
2472
657
219
72
2752
670
1298
3355
287
4076
3008
3783
1550
2407
2369
1341
2293
4775
2678
3896
1226
109
3794
665
1509
3806
3142
2194
1179
1154
4688
4864
500
1126
2948
213
314
2104
3829
650
2490
4286
506
2280
251
2661
4557
4792
3472
2968
603
1664
348
1922
1558
4072
3722
2332
3849
4534
2481
4131
4345
201
973
3536
4788
3919
1106
1597
1319
3844
1967
425
1514
4647
4205
785
1576
4587
4143
1132
1335
4297
2239
3238
2401
3891
1793
728
4348
3639
132
855
1695
746
2794
515
1785
4742
3332
2766
2923
2207
1600
4995
4939
1882
4572
1857
2171
687
4509
1327
3109
302
2749
877
3842
3818
2701
2838
4750
3256
170
331
187
3224
1553
816
2388
387
407
4354
539
2164
1134
1084
3850
822
2677
3046
509
2874
548
1412
1689
2327
4426
1002
4525
1093
328
3211
1686
484
4749
4668
2482
4605
4735
2284
3272
123
4825
2878
1253
65
4904
409
1624
4550
2851
4040
27
152
2045
75
169
3916
3505
3003
2430
630
3872
762
930
4471
3854
4660
3230
2835
4665
3833
3615
68
1933
414
751
3456
1052
980
4202
1751
666
3354
4916
4288
1038
4380
3174
3135
364
2053
4485
4580
206
3588
2212
1972
3528
4905
3018
4552
3886
4071
3583
2888
1988
1135
426
2636
403
556
90
2817
898
1881
2425
3074
1539
4393
3125
3269
2651
4700
1794
338
273
262
1775
4005
2627
1286
2300
1965
1121
2386
1722
2610
540
1951
2866
610
2477
2773
4651
2758
3200
4459
1322
1604
1745
4036
4653
2070
2731
4616
3511
1436
1752
3223
1353
4196
814
4210
4956
1420
2750
4253
1369
2458
4289
518
2326
4407
3104
4815
4355
3029
2261
3936
4318
1082
4771
2527
1708
1662
2894
3149
227
714
442
2814
2067
3525
502
894
3259
96
2182
3166
205
3111
4161
2143
2060
609
517
1015
4453
2946
3563
3411
2344
3867
3295
1240
2577
843
3110
2230
2043
1018
4294
1873
4609
4067
1821
4785
3442
234
914
3564
93
22
2124
1315
2324
2241
4836
3031
4296
3435
2178
3787
3692
4410
1415
1160
2029
3550
3579
4910
2848
3698
2186
3987
572
2180
4290
1162
2474
2812
4562
4169
2971
4516
3568
3757
2583
4507
4859
4819
774
3892
3547
3115
4276
4981
3305
2985
3088
858
427
2937
1223
907
3171
1847
3186
360
1942
2120
122
3041
2505
4493
83
1713
4966
3843
264
1021
3636
2068
3878
229
667
4806
1392
1487
661
2538
2684
766
2305
4020
4333
1565
3073
4569
2712
3967
4760
2615
4564
3635
4599
2502
2429
4711
3662
411
2461
1423
4791
589
3913
1449
4103
4579
4250
986
3226
4051
2619
4822
1957
445
4752
2936
4238
635
4840
4783
4495
2537
637
654
108
377
1097
3409
3421
3782
482
4682
1678
3372
3529
2956
4591
4512
195
808
4880
4969
3172
1672
3629
1890
3785
1986
2928
1371
865
3673
4769
1367
1563
580
3632
1859
4675
3728
2909
2074
4766
2729
578
675
4935
4802
941
3633
2374
2955
4738
3402
3235
4497
893
370
89
2551
3085
3626
2443
1446
643
1923
2916
2629
3512
2837
1860
3503
4780
1441
3822
2427
4521
4068
955
244
3638
3618
1364
1190
3445
4322
2460
3318
3734
4858
1218
920
1899
4332
1854
3400
789
4428
1805
4401
1220
809
3955
4431
2380
4581
59
1022
4852
2994
177
459
196
1235
3151
4039
2217
2144
3621
1506
2158
1204
323
4125
450
1064
399
2721
1181
3093
3498
2199
3914
1042
1916
4845
4214
3112
4994
4050
1152
745
4588
834
4652
2312
1354
3173
1626
4398
916
2274
992
2165
3667
2501
156
1833
3694
658
4344
2319
3556
688
4273
3389
1393
2109
4992
2683
831
3138
1004
2635
1418
4797
4016
4535
245
422
4650
3100
3124
2355
3201
2252
2016
1993
604
3845
326
671
2857
1680
4911
863
3303
4241
957
915
2153
1970
787
3651
4888
2746
2986
4643
55
4365
2863
1512
1490
74
2805
485
2906
3665
4659
703
1633
4089
1456
1921
4336
4028
3895
3606
2897
3790
2343
468
3642
1939
3122
466
2931
4310
4606
2290
1294
30
1693
2935
2930
3570
2393
4673
2229
1816
781
4950
1667
3289
3146
2999
356
3931
2908
2645
2726
2692
2349
2372
2772
2638
2822
3911
4381
3659
1350
3358
2779
1515
3540
586
2567
469
3729
13
4277
4105
856
3569
4004
967
901
4357
137
4432
3157
1639
3766
2989
198
946
3526
2421
3059
2709
1842
1345
4085
4603
2624
1279
4517
2221
3130
4069
3143
912
4034
383
4441
3860
81
4347
3194
2426
1630
599
1479
199
2163
1935
726
4291
4623
964
3067
4945
737
2341
321
3160
1511
4114
4119
4847
98
3072
1489
559
3182
1931
694
3017
2348
2544
4385
3034
1157
2616
1368
2606
415
4231
847
2097
382
4128
4234
868
3591
4406
3492
1267
655
2130
709
1142
1704
163
913
1212
4782
3680
4839
2614
712
3451
471
4646
1999
557
3169
2489
678
3005
2755
3079
3898
1915
4026
310
1979
1254
1969
4165
4890
4756
3133
2107
4145
853
3625
486
2877
1309
867
1127
2867
3216
4172
4779
3253
4433
4220
2296
2175
876
734
3927
3461
2656
4122
1946
1445
2690
4436
2076
2628
2014
1947
3716
2176
2944
129
3028
4634
1339
3943
2940
3982
4645
3091
353
293
54
4062
819
173
3227
4256
3131
2416
1067
1855
2004
3703
1866
4120
4329
1071
768
1605
286
770
3462
2058
4505
2689
2397
4538
2001
1684
3436
4514
1195
3628
1525
2854
3780
1685
2698
2009
3012
4079
2216
2520
2007
2954
2808
1039
2499
2022
4378
2990
3656
1992
261
4565
3963
3608
1505
2582
91
2266
2821
526
1381
4132
3696
4386
760
53
3617
699
3576
1213
2715
1589
1145
596
2554
4999
4024
1796
3244
3727
1829
248
4547
454
1652
1130
1480
772
1108
429
2753
1734
3024
1746
188
1036
945
3055
1766
2780
4430
1113
1263
46
2203
297
2323
2547
2127
3420
2840
2398
3765
1848
1886
4827
2015
4829
909
4334
3080
4271
4446
1009
857
4649
495
4369
1581
3866
4230
1175
2399
1681
3299
1482
2027
4312
2591
334
1635
1410
119
4184
879
1727
3234
2720
3386
1324
2895
2185
3687
1344
565
4787
2693
2138
1497
1513
4254
186
2054
1094
4713
1366
4152
4867
2995
4283
1891
4211
579
1182
1338
2149
1711
394
1307
2451
4097
2320
1567
883
4258
3774
906
4104
1225
3708
1023
1357
4729
3193
3985
2065
4064
3792
673
3103
2342
4465
3296
704
3102
4324
549
1014
1428
2000
1454
418
1502
3637
1552
3720
1078
1171
3086
2594
4702
3352
3535
64
3430
1725
1359
2495
294
4301
1902
3653
2271
3831
4932
175
4755
1528
263
5000
849
457
3507
480
2226
2524
4063
1325
2642
1100
1878
4870
2788
4099
1165
2184
1478
1762
2681
4178
1683
2778
4664
2804
1200
319
290
16
1289
1060
2736
142
3500
4989
1337
1216
890
1656
1997
400
3953
4292
2052
2331
2032
3798
1579
4397
2679
2972
2011
230
3771
2523
3527
3817
2540
3998
113
1522
372
4044
2626
2316
705
3002
773
2156
2734
368
1907
4260
644
2418
1707
2818
1623
2617
4527
299
4582
887
4469
2855
2358
3083
2824
259
706
1438
2811
1800
4200
2475
1811
1227
1188
885
1526
3231
1174
3814
2830
2442
1834
1801
4694
1770
463
3307
4851
679
861
1112
1577
1741
1119
4644
2757
4597
3811
3176
3471
628
1554
3530
588
2116
2041
764
1280
4437
2136
3701
594
3350
1739
4977
359
70
2021
52
685
4714
2087
722
121
92
3739
2048
3325
3185
2330
107
28
4615
363
2039
2526
3730
1361
2350
1679
1809
4146
3375
2379
139
741
4563
3089
2988
1020
183
3444
3731
2303
2047
239
4243
3903
3604
327
4765
1564
2428
2064
2727
1389
3337
3997
1594
1724
523
4163
2210
1709
1284
110
732
1883
4194
4561
1250
2449
1637
2782
1043
1153
1644
2459
2556
3476
3742
1904
1984
2228
1593
3167
2465
3329
2085
833
936
902
1086
1750
1384
197
1692
2339
2947
3517
1494
1615
4982
1166
3150
1395
1481
2711
4793
1603
933
2512
918
362
1913
3228
3324
1643
3669
1822
2592
1045
1272
2008
2573
3198
642
4670
289
1102
3630
1832
3971
4317
624
3425
1332
2129
3221
3863
702
1249
3479
49
3565
4699
4248
1989
3455
2181
3257
2890
1547
4544
2139
4541
2910
757
536
467
541
1536
931
2880
2608
2913
2086
878
546
3706
4648
2325
3597
1184
4155
2090
3812
1027
2670
4307
562
2179
1116
345
4690
4045
4227
649
1452
446
641
3654
3616
725
593
103
2571
3533
4242
313
1585
3266
4218
1040
3973
4504
3158
4302
3239
2685
3841
3057
145
3475
4421
1388
1712
4480
1499
4693
965
3418
3196
4144
508
4629
4141
4528
291
4109
794
1786
217
3327
3209
1483
825
270
3413
4784
3631
3021
3986
4844
519
4983
1066
839
3367
3807
3974
2376
2825
1658
4841
3942
525
682
82
172
1868
4506
1645
1416
2166
3053
4706
3827
448
2576
3251
2410
2820
392
547
2095
3326
3132
3712
1622
1917
575
2155
1928
3308
798
4140
1493
2423
1574
3433
1405
587
4190
947
4622
432
3598
2196
1895
494
1282
4325
4778
3725
1843
3344
2747
3440
4873
2222
3040
2652
247
1566
3607
3710
2865
3705
4671
2797
104
3934
1914
917
3206
669
3319
558
3602
111
634
2586
633
1271
2953
4445
550
2929
3298
61
713
2506
2700
102
2346
697
2118
621
1621
1666
919
3660
1541
4222
2893
2791
2801
1865
487
1091
4500
3755
2970
2248
1044
803
3762
2383
4592
601
2123
1700
4186
4215
4687
1351
3928
1620
3751
4402
4420
3600
1065
1287
1396
3438
1650
2725
3605
2003
1197
435
2454
4776
4680
3427
4443
2286
1507
504
1719
2098
413
2803
1994
3178
3746
2013
4226
780
3010
3999
2083
4032
835
695
2536
3119
3838
710
2959
2473
4075
1390
3989
1944
4278
4912
3448
384
2886
3219
174
4482
4449
567
335
184
4035
2424
731
4922
1382
3741
2018
4881
3769
1815
807
1598
683
4856
29
3795
3586
2580
23
3412
3580
160
985
2096
1005
4021
761
3980
329
343
1457
977
1642
1252
431
318
4899
2911
4976
3976
2845
2168
3232
4423
1956
2063
3714
1278
3881
817
135
3627
1530
159
3363
823
2019
639
3772
4830
3290
209
4589
4574
2431
73
211
3264
4042
77
3392
2600
4744
4111
4374
2934
66
225
285
4868
4228
3026
32
4502
2289
3094
1655
1517
4959
3969
1601
3286
33
3810
4383
1090
3501
2251
3141
4508
3691
4236
4009
4884
1884
4759
1971
3180
3966
2318
698
1161
2784
4927
1107
2759
4198
4728
926
1301
3474
1334
1013
531
4710
226
2891
489
1148
2810
3941
3443
375
1716
1288
4405
1768
2094
4915
1588
3117
4891
4973
1377
1903
3187
3909
190
2584
376
4824
3796
3695
1123
3362
1863
3482
1665
2549
4476
3309
3170
2957
3961
721
3304
325
765
4548
4057
3468
4399
2253
1355
3508
3497
2997
4685
2926
1300
3164
1073
2006
2887
3145
2347
2445
3675
4954
4372
3828
1508
4593
1625
4116
824
4524
2279
1787
3310
1173
1765
3076
4311
4967
4608
2467
2873
815
542
2633
3288
3824
708
1439
1945
3686
3032
158
497
37
4666
3678
875
1140
3920
3316
924
1732
996
483
3700
499
1458
4489
4768
493
3937
1938
2702
597
1936
162
2452
2634
215
2795
1908
1776
86
3225
3105
2653
3888
332
3489
4427
1649
4952
4087
2150
2597
2273
1041
2219
827
4400
1402
2668
3981
256
4734
2827
4717
2807
2017
2938
2359
2770
3664
176
3469
2522
3056
2215
1370
2798
1688
2134
2044
4980
385
1305
2565
4707
828
1291
4811
47
2213
830
4387
4576
369
1782
3542
1193
4174
4676
2876
3756
1224
1164
1296
1962
3935
1698
3368
2777
1059
507
3883
3671
424
2924
3236
1609
1861
1099
622
1251
3683
2602
3431
4240
2945
4883
4583
2275
202
2189
4628
4607
3539
2553
555
2439
2621
265
4100
1474
730
3114
4696
783
1488
1929
2649
2409
4657
1599
491
2799
3990
3470
796
614
700
564
4331
4892
1425
4126
1901
4662
3487
300
2227
4835
456
2304
2208
1244
381
1050
4159
797
897
2263
1133
380
3893
2364
4677
3803
4658
4263
1473
316
1582
1911
4875
3657
3816
1209
2826
3283
3126
653
1317
842
3788
2546
4816
1893
4876
4850
786
1761
528
4943
388
4834
4681
1178
4
3214
4826
3805
4391
1807
1958
3365
1690
2352
1858
281
200
2933
1627
2485
676
4464
2620
1096
613
4414
1699
4821
4450
1808
4637
3419
2771
2281
4719
1676
4461
3532
3156
3099
99
3014
3876
3416
1806
561
4575
1590
2952
3901
4171
295
3248
3254
430
274
2846
4960
940
4269
443
520
1185
4746
4268
2593
2115
3922
3946
2769
423
1869
2211
4965
3562
1504
2903
204
724
938
320
4346
895
845
10
1055
2907
3543
1229
1573
1072
1769
1356
3153
476
224
3250
2232
2214
1205
2905
3835
4979
2471
181
1909
3676
1476
42
4986
3205
1029
3246
3856
3013
1583
3836
3116
4124
1468
4037
2333
4736
4964
1856
2785
3096
3894
3374
3561
1527
4115
2768
1542
2494
1892
2508
1738
2650
1663
4315
4444
503
4733
3668
1304
4481
3877
2437
2462
812
8
1011
4751
4724
452
1276
1088
1266
4941
3338
1466
668
4962
2419
3962
3168
2899
852
1068
3560
4686
3025
1694
1189
1885
4748
1032
2497
2276
140
4339
1717
3995
4953
2146
2478
4551
3038
959
4740
2370
3551
2519
3514
1749
1308
1083
3825
3148
2367
340
2596
3589
4364
311
3082
4747
928
4392
420
4914
1781
3284
3179
4789
4590
3241
2484
2468
581
3509
45
4091
1434
447
1740
1017
2147
2233
2920
1048
282
2623
1754
4363
3992
193
4770
3061
1440
1948
1839
252
4055
4306
257
3590
1733
1900
2809
85
374
4127
3087
1736
3260
2256
3784
3752
3502
1910
1817
612
970
1419
355
511
742
2435
1397
4613
3522
2272
3268
3581
782
3353
3387
433
2637
408
3873
4559
1888
618
2699
4409
3121
4906
3648
397
15
3677
1273
1316
4511
1706
404
2566
3611
2114
4358
1422
3925
1874
505
4377
891
479
3929
347
2234
128
1532
777
2102
1784
4853
3335
1937
1613
2531
2010
4110
882
968
439
120
3571
4492
3044
3538
1460
1548
2395
2291
4923
3279
3499
1492
3726
3655
2552
1587
1759
3853
1726
56
904
2154
1596
3078
1437
3407
1435
2073
2517
3405
2724
3282
1170
2093
3398
3612
2191
3613
4626
2832
925
4807
3426
1221
2302
1383
2105
2444
4096
149
3023
1258
4837
243
2790
2036
2607
1537
1823
513
2378
2745
1764
3473
696
1231
801
3379
2545
4376
154
1238
2084
4066
4309
1853
4955
3546
1424
1080
2842
4330
2205
2224
4786
1241
2250
2525
851
1617
2198
2641
4142
2464
4879
3968
942
416
4192
680
1333
2723
2836
3554
921
1653
3113
4679
1207
2864
874
838
126
2245
2509
417
689
4074
1283
3523
1215
1924
1682
2548
3030
4848
1028
1219
3404
3991
2982
3979
4362
4412
1122
4245
1578
3465
4951
3317
4610
1331
4154
4820
4794
498
2406
1819
4985
2562
4889
1562
617
3885
1211
2493
1820
84
1033
4081
1670
605
1275
4726
2511
4529
521
277
464
1959
2713
3821
2059
3910
4846
652
4295
3075
1932
2722
994
398
2417
1877
4549
719
3016
4936
4723
117
3984
4855
2177
3058
1257
736
2321
2786
2361
2767
2436
1245
3865
4672
3595
4183
474
975
1034
4523
4440
2422
2793
3042
4556
1459
3861
4709
1387
4080
2748
1715
4536
2040
2859
4179
367
4555
3336
7
569
4678
2254
2028
4499
1321
4455
2813
611
2841
3566
1943
3351
3371
997
3191
2117
4473
2322
3852
4019
534
4971
3064
4223
4808
4545
4937
1918
4842
4818
2647
4029
1143
3276
2762
4281
1349
1941
1406
1463
4987
4624
3161
3388
124
258
1985
717
3802
3220
1871
4745
437
4058
1950
1373
585
2125
3862
358
2351
60
1677
2287
537
4494
747
2387
386
3945
1557
284
3826
4542
292
3666
948
4176
298
1374
4389
693
4684
4468
1385
2152
419
1611
2002
48
3285
3408
866
910
3322
4316
1394
623
1777
3019
1001
1363
4823
216
3537
2190
2572
1975
2414
1150
3813
279
3152
1791
4088
134
3956
4865
3902
932
4638
3593
1510
2042
4006
339
3432
2561
1954
3278
1987
3840
2640
1983
4395
2516
1256
2744
981
583
379
150
4636
1378
753
3210
862
218
1101
2609
4328
180
3921
3744
3165
892
3707
576
344
660
305
2432
2262
4887
2834
3839
3777
4832
2088
4518
396
3092
4503
2941
1824
4327
881
4577
4000
2902
2238
3770
3905
79
3263
2992
2353
2202
1187
250
3506
1551
3552
1668
1411
944
4566
2900
646
950
4798
1729
752
3947
3609
2529
4424
2976
3764
3467
3457
1299
3051
1743
4052
1841
1976
4810
1634
3549
3464
738
1568
4123
1342
231
2694
2108
2892
776
477
62
3858
330
4164
1194
2659
1270
3333
3815
754
2984
4216
1810
2463
238
4012
3391
4809
1521
440
1529
1379
3747
1049
4972
2192
1141
1467
2453
2297
283
501
1076
1180
1255
1246
1549
3212
2980
4764
1120
4003
2218
1731
4209
4520
4314
4162
3515
1718
1974
3800
237
1760
872
3137
4265
4326
2110
1429
640
1485
2950
2783
2605
4008
2664
4280
4175
744
3954
2447
4361
4170
529
3366
444
1789
2491
3277
4197
2242
3011
4863
3819
2080
3000
3938
179
4404
4015
301
2049
2680
4001
2092
3930
2604
2847
2815
2796
3857
4754
4206
1518
365
3437
2220
232
886
1092
4275
3417
691
2535
4540
1691
3797
1798
2704
1277
784
4614
4568
1538
648
3027
2269
4530
3745
1714
146
2676
2201
4861
1802
4584
97
2776
3957
3899
3397
2737
1070
2066
2188
87
1417
3275
492
4674
2885
3477
1720
4233
4053
779
2760
3356
2697
178
3273
3287
3753
2405
2195
1010
1176
4490
1920
4730
1191
2160
3641
4878
2622
966
2695
2193
3534
1046
3619
1265
1744
3127
3357
2869
2856
1804
3793
1610
1448
2570
3302
4041
2644
2718
4148
3544
2663
1380
1852
2174
2557
4054
720
566
677
2828
4692
2939
2024
4252
991
4086
3887
2850
963
2470
2151
3123
600
880
3970
2673
4718
1037
2033
1264
4360
1772
2480
3015
522
3069
17
4219
956
4640
1343
1186
4417
4712
1472
242
4229
1400
4403
2914
3463
3933
78
1546
3184
1098
4857
2340
4630
2420
2400
4661
1555
341
2543
2142
4486
2733
3189
1163
701
860
4168
1295
4232
4416
3118
3222
4860
2513
1779
4370
151
826
1131
2172
4479
3054
2450
690
1414
308
3346
4930
2904
44
3972
1260
3364
1297
1540
2558
3884
4496
3749
3763
2942
3070
1647
2816
2260
4601
1905
4900
4800
1236
4167
1818
478
3855
1990
94
461
2601
4264
2792
2173
4212
4991
4531
1469
733
1136
2579
2162
3424
3923
4434
4934
136
192
1870
1210
2089
3252
4546
4435
233
4448
1503
1026
1799
3449
1961
3090
3147
3403
2917
1035
3480
236
2476
2901
4282
1030
306
969
1006
1329
923
460
4595
1618
2806
4442
167
2613
3414
2433
1003
2373
2708
2306
194
3578
473
4720
2392
3188
4974
4107
3066
979
3491
3791
1767
2590
3312
312
3736
2581
2870
4598
769
1008
2539
189
1927
791
470
127
3396
2106
3373
114
516
2099
2137
1323
2578
2385
524
2268
2569
4151
871
1520
2919
496
869
1404
3573
790
2161
832
1087
4553
2197
4611
2415
4669
1757
4654
4554
2298
899
1774
4411
4689
4604
2882
1285
2884
223
1495
4466
3343
2707
3721
763
41
1896
1756
775
2244
4299
4320
984
3643
3949
4255
2669
1450
3832
4963
3406
4813
3801
2159
1432
2819
1534
2498
3140
645
3393
4367
3485
2235
3195
1524
1314
1129
4235
1792
4342
1058
168
3964
1545
3702
395
4463
371
1421
1602
280
3270
4484
570
1912
3759
2756
3553
1696
4257
1261
1399
4683
4896
4077
995
2671
3688
2488
2686
3900
4182
210
212
2896
2843
421
602
3190
870
116
3081
1612
4261
1217
3199
3376
4160
2507
4801
1109
1312
3423
692
2382
4135
1075
4817
3875
1827
4472
1105
4031
4705
4777
2568
43
1268
2927
2200
4477
366
990
2031
1629
681
4478
4757
3697
2
756
115
3682
1199
3370
1595
792
3033
4949
2183
527
4938
3488
1500
3711
2121
4221
3592
806
3750
2595
2377
276
4570
3558
4073
4189
3823
3978
2131
1638
2949
4011
4284
3754
4893
1228
272
76
2204
2412
1660
3548
3293
3924
4112
4491
2521
3294
4586
2057
4470
3846
3743
1000
1876
3950
1167
3851
3518
4996
4287
401
1057
1840
4715
208
4244
4203
3926
4621
3441
2119
4298
3262
4023
4917
4149
3486
954
4084
4543
4799
3267
743
3459
3778
2979
3022
203
2532
4731
1155
3748
2357
2394
4408
4567
735
2789
626
4208
3084
2922
2849
2061
3255
1723
2575
4017
95
3684
804
2354
908
662
21
1966
3614
4805
4022
4488
4691
3446
4560
4924
1830
841
4193
4117
2618
976
